ARKit Data

1
355625.89254525
normal
simd_float4x4([[0.010956505, -0.99223316, 0.12390852, 0.0], [0.99993914, 0.011035307, -5.036102e-05, 0.0], [-0.001317399, 0.12390153, 0.99229366, 0.0], [-0.000923135, -0.005480924, 0.024182465, 0.99999994]])
-0.000923135, -0.005480924, 0.024182465
SIMD3<Float>(-0.12422076, -0.0013276293, -1.5596751)
0.00000000
CMRotationMatrix(m11: 0.0, m12: 0.0, m13: 0.0, m21: 0.0, m22: 0.0, m23: 0.0, m31: 0.0, m32: 0.0, m33: 0.0)

2
355626.00919275
normal
simd_float4x4([[0.0092299245, -0.99211, 0.12503004, 0.0], [0.9999427, 0.009835032, 0.00422328, 0.0], [-0.005419633, 0.12498389, 0.9921439, 0.0], [-0.0016117867, -0.005720064, 0.025189493, 1.0]])
-0.0016117867, -0.005720064, 0.025189493
SIMD3<Float>(-0.1253116, -0.005462493, -1.5608834)
0.00000000
CMRotationMatrix(m11: 0.0, m12: 0.0, m13: 0.0, m21: 0.0, m22: 0.0, m23: 0.0, m31: 0.0, m32: 0.0, m33: 0.0)

3
355626.125840541
normal
simd_float4x4([[0.006986254, -0.99219203, 0.124524094, 0.0], [0.9999751, 0.007057449, 0.00013060971, 0.0], [-0.0010084122, 0.124520086, 0.99221665, 0.0], [-0.0017569737, -0.005316676, 0.025743587, 0.99999994]])
-0.0017569737, -0.005316676, 0.025743587
SIMD3<Float>(-0.12484414, -0.0010163223, -1.5636835)
0.00000000
CMRotationMatrix(m11: 0.0, m12: 0.0, m13: 0.0, m21: 0.0, m22: 0.0, m23: 0.0, m31: 0.0, m32: 0.0, m33: 0.0)

4
355626.242488333
normal
simd_float4x4([[0.0054598683, -0.9922796, 0.12390061, 0.0], [0.9999832, 0.005177117, -0.0026039327, 0.0], [0.0019423816, 0.12391275, 0.99229115, 0.0], [-0.0021185055, -0.004311251, 0.026927238, 0.9999999]])
-0.0021185055, -0.004311251, 0.026927238
SIMD3<Float>(-0.12423206, 0.001957469, -1.5655789)
0.00000000
CMRotationMatrix(m11: 0.0, m12: 0.0, m13: 0.0, m21: 0.0, m22: 0.0, m23: 0.0, m31: 0.0, m32: 0.0, m33: 0.0)

5
355626.359136041
normal
simd_float4x4([[0.004408938, -0.99296224, 0.118348934, 0.0], [0.99998116, 0.0038733017, -0.004755532, 0.0], [0.004263663, 0.118367665, 0.9929607, 0.0], [-0.00214275, -0.003400039, 0.02852325, 1.0]])
-0.00214275, -0.003400039, 0.02852325
SIMD3<Float>(-0.11864583, 0.0042938627, -1.5668956)
0.00000000
CMRotationMatrix(m11: 0.0, m12: 0.0, m13: 0.0, m21: 0.0, m22: 0.0, m23: 0.0, m31: 0.0, m32: 0.0, m33: 0.0)

6
355626.475783708
normal
simd_float4x4([[0.0067327814, -0.99245775, 0.12240244, 0.0], [0.99997073, 0.0062377253, -0.0044272495, 0.0], [0.0036303448, 0.122428656, 0.9924706, 0.0], [-0.003001686, -0.0031295393, 0.028517317, 0.99999994]])
-0.003001686, -0.0031295393, 0.028517317
SIMD3<Float>(-0.12273658, 0.00365787, -1.5645113)
0.00000000
CMRotationMatrix(m11: 0.0, m12: 0.0, m13: 0.0, m21: 0.0, m22: 0.0, m23: 0.0, m31: 0.0, m32: 0.0, m33: 0.0)

7
355626.592431541
normal
simd_float4x4([[0.0056493324, -0.99316275, 0.1166007, 0.0], [0.9999732, 0.005069284, -0.0052706157, 0.0], [0.0046434975, 0.11662736, 0.99316484, 0.0], [-0.0029522819, -0.002767913, 0.029662082, 1.0]])
-0.0029522819, -0.002767913, 0.029662082
SIMD3<Float>(-0.11689338, 0.004675421, -1.5656922)
0.00000000
CMRotationMatrix(m11: 0.0, m12: 0.0, m13: 0.0, m21: 0.0, m22: 0.0, m23: 0.0, m31: 0.0, m32: 0.0, m33: 0.0)

8
355626.709079166
normal
simd_float4x4([[0.0052683107, -0.9932271, 0.11606954, 0.0], [0.9999529, 0.00428524, -0.008717579, 0.0], [0.00816115, 0.11610999, 0.99320287, 0.0], [-0.0030710914, -0.0024386286, 0.030210586, 1.0000001]])
-0.0030710914, -0.0024386286, 0.030210586
SIMD3<Float>(-0.11637247, 0.008216817, -1.566482)
0.00000000
CMRotationMatrix(m11: 0.0, m12: 0.0, m13: 0.0, m21: 0.0, m22: 0.0, m23: 0.0, m31: 0.0, m32: 0.0, m33: 0.0)

9
355626.82572675
normal
simd_float4x4([[0.0055097565, -0.9927196, 0.12032241, 0.0], [0.99991655, 0.004063191, -0.012264448, 0.0], [0.011686265, 0.12037993, 0.99265915, 0.0], [-0.0030741624, -0.0027760465, 0.029501297, 0.99999994]])
-0.0030741624, -0.0027760465, 0.029501297
SIMD3<Float>(-0.12067259, 0.011772142, -1.5667033)
0.00000000
CMRotationMatrix(m11: 0.0, m12: 0.0, m13: 0.0, m21: 0.0, m22: 0.0, m23: 0.0, m31: 0.0, m32: 0.0, m33: 0.0)

10
355626.942374583
normal
simd_float4x4([[0.004832185, -0.9926097, 0.121254504, 0.0], [0.9998986, 0.0031717052, -0.01388344, 0.0], [0.013396253, 0.1213093, 0.9925243, 0.0], [-0.0031057273, -0.0030449107, 0.029583013, 1.0]])
-0.0031057273, -0.0030449107, 0.029583013
SIMD3<Float>(-0.12160882, 0.013496334, -1.567601)
0.00000000
CMRotationMatrix(m11: 0.0, m12: 0.0, m13: 0.0, m21: 0.0, m22: 0.0, m23: 0.0, m31: 0.0, m32: 0.0, m33: 0.0)

11
355627.059022416
normal
simd_float4x4([[0.00533323, -0.9913739, 0.13095522, 0.0], [0.99985826, 0.0031950194, -0.016532483, 0.0], [0.015971467, 0.13102484, 0.99125046, 0.0], [-0.0034998541, -0.0031856124, 0.028611535, 0.99999994]])
-0.0034998541, -0.0031856124, 0.028611535
SIMD3<Float>(-0.13140266, 0.01611105, -1.5675735)
0.00000000
CMRotationMatrix(m11: 0.0, m12: 0.0, m13: 0.0, m21: 0.0, m22: 0.0, m23: 0.0, m31: 0.0, m32: 0.0, m33: 0.0)

12
355627.175670083
normal
simd_float4x4([[-0.0004965634, -0.99362075, 0.112771675, 0.0], [0.99992967, -0.0018303614, -0.011724193, 0.0], [0.011855815, 0.11275792, 0.99355173, 0.0], [-0.0031929296, -0.0028269948, 0.030569024, 0.9999999]])
-0.0031929296, -0.0028269948, 0.030569024
SIMD3<Float>(-0.11299824, 0.011932194, -1.5726384)
0.00000000
CMRotationMatrix(m11: 0.0, m12: 0.0, m13: 0.0, m21: 0.0, m22: 0.0, m23: 0.0, m31: 0.0, m32: 0.0, m33: 0.0)

13
355627.292317666
normal
simd_float4x4([[-0.018538022, -0.9960033, 0.08737047, 0.0], [0.9997893, -0.01769566, 0.010406053, 0.0], [-0.008818388, 0.08754496, 0.9961216, 0.0], [-0.001475068, -0.0030235685, 0.034592368, 1.0]])
-0.001475068, -0.0030235685, 0.034592368
SIMD3<Float>(-0.087657176, -0.008852491, -1.5885612)
0.00000000
CMRotationMatrix(m11: 0.0, m12: 0.0, m13: 0.0, m21: 0.0, m22: 0.0, m23: 0.0, m31: 0.0, m32: 0.0, m33: 0.0)

14
355627.4089655
normal
simd_float4x4([[-0.014626204, -0.9948148, 0.1006455, 0.0], [0.9998414, -0.013528442, 0.011581143, 0.0], [-0.010159515, 0.100798935, 0.994855, 0.0], [-0.002123858, -0.0026475054, 0.03235624, 0.99999994]])
-0.002123858, -0.0026475054, 0.03235624
SIMD3<Float>(-0.10097041, -0.0102117015, -1.5843945)
0.00000000
CMRotationMatrix(m11: 0.0, m12: 0.0, m13: 0.0, m21: 0.0, m22: 0.0, m23: 0.0, m31: 0.0, m32: 0.0, m33: 0.0)

15
355627.525613333
normal
simd_float4x4([[-0.002085228, -0.99236387, 0.1233273, 0.0], [0.9998262, -0.0043540252, -0.018129902, 0.0], [0.01852843, 0.12326805, 0.99220043, 0.0], [-0.0031809106, -0.0027969517, 0.02673187, 1.0]])
-0.0031809106, -0.0027969517, 0.02673187
SIMD3<Float>(-0.123582385, 0.01867191, -1.5751839)
0.00000000
CMRotationMatrix(m11: 0.0, m12: 0.0, m13: 0.0, m21: 0.0, m22: 0.0, m23: 0.0, m31: 0.0, m32: 0.0, m33: 0.0)

16
355627.642260875
normal
simd_float4x4([[-0.00028991606, -0.99445033, 0.105205774, 0.0], [0.9998844, -0.0018867612, -0.015079093, 0.0], [0.0151939085, 0.10518926, 0.994336, 0.0], [-0.004041575, -0.003382515, 0.02520633, 0.9999998]])
-0.004041575, -0.003382515, 0.02520633
SIMD3<Float>(-0.10538421, 0.015279268, -1.5726936)
0.00000000
CMRotationMatrix(m11: 0.0, m12: 0.0, m13: 0.0, m21: 0.0, m22: 0.0, m23: 0.0, m31: 0.0, m32: 0.0, m33: 0.0)

17
355627.758908666
normal
simd_float4x4([[-0.0017069366, -0.9941846, 0.107676014, 0.0], [0.99994767, -0.002783334, -0.009847135, 0.0], [0.010089568, 0.107653566, 0.9941373, 0.0], [-0.0069315205, -0.004244884, 0.022317214, 0.99999994]])
-0.0069315205, -0.004244884, 0.022317214
SIMD3<Float>(-0.1078626, 0.010148721, -1.5735959)
0.00000000
CMRotationMatrix(m11: 0.0, m12: 0.0, m13: 0.0, m21: 0.0, m22: 0.0, m23: 0.0, m31: 0.0, m32: 0.0, m33: 0.0)

18
355627.875556375
normal
simd_float4x4([[0.0040341434, -0.9942937, 0.10660065, 0.0], [0.9999145, 0.0053367415, 0.011936985, 0.0], [-0.012437768, 0.10654338, 0.9942302, 0.0], [-0.010359736, -0.0059818267, 0.019624135, 0.99999994]])
-0.010359736, -0.0059818267, 0.019624135
SIMD3<Float>(-0.10674599, -0.012509296, -1.565429)
0.00000000
CMRotationMatrix(m11: 0.0, m12: 0.0, m13: 0.0, m21: 0.0, m22: 0.0, m23: 0.0, m31: 0.0, m32: 0.0, m33: 0.0)

19
355627.992204208
normal
simd_float4x4([[0.0037207683, -0.99530196, 0.09674807, 0.0], [0.99988526, 0.005123631, 0.014255782, 0.0], [-0.014684509, 0.09668392, 0.99520683, 0.0], [-0.0120650325, -0.0082775215, 0.019925576, 1.0000001]])
-0.0120650325, -0.0082775215, 0.019925576
SIMD3<Float>(-0.09683519, -0.014754162, -1.5656486)
0.00000000
CMRotationMatrix(m11: 0.0, m12: 0.0, m13: 0.0, m21: 0.0, m22: 0.0, m23: 0.0, m31: 0.0, m32: 0.0, m33: 0.0)

20
355628.108851666
normal
simd_float4x4([[-0.00041303068, -0.99740326, 0.07201797, 0.0], [0.99990606, 0.00057491334, 0.013696757, 0.0], [-0.013702592, 0.07201685, 0.9973093, 0.0], [-0.012290267, -0.009837508, 0.02070886, 1.0]])
-0.012290267, -0.009837508, 0.02070886
SIMD3<Float>(-0.07207925, -0.013738696, -1.5702199)
0.00000000
CMRotationMatrix(m11: 0.0, m12: 0.0, m13: 0.0, m21: 0.0, m22: 0.0, m23: 0.0, m31: 0.0, m32: 0.0, m33: 0.0)

21
355628.225499583
normal
simd_float4x4([[-0.0010520191, -0.9978594, 0.06538726, 0.0], [0.9999857, -0.0013927164, -0.005165092, 0.0], [0.0052451016, 0.06538088, 0.9978466, 0.0], [-0.013167867, -0.009040415, 0.018400874, 1.0]])
-0.013167867, -0.009040415, 0.018400874
SIMD3<Float>(-0.06542755, 0.0052563725, -1.5721921)
0.00000000
CMRotationMatrix(m11: 0.0, m12: 0.0, m13: 0.0, m21: 0.0, m22: 0.0, m23: 0.0, m31: 0.0, m32: 0.0, m33: 0.0)

22
355628.342147166
normal
simd_float4x4([[-0.0016465082, -0.9976488, 0.068514325, 0.0], [0.9999248, -0.0024753287, -0.012013903, 0.0], [0.012155251, 0.06848939, 0.9975778, 0.0], [-0.014921594, -0.009456173, 0.016201489, 1.0]])
-0.014921594, -0.009456173, 0.016201489
SIMD3<Float>(-0.06854305, 0.012184162, -1.5732775)
0.00000000
CMRotationMatrix(m11: 0.0, m12: 0.0, m13: 0.0, m21: 0.0, m22: 0.0, m23: 0.0, m31: 0.0, m32: 0.0, m33: 0.0)

23
355628.458794916
normal
simd_float4x4([[-0.0012749833, -0.99793077, 0.06428478, 0.0], [0.9998361, -0.002432973, -0.017938366, 0.0], [0.018057652, 0.06425137, 0.99777037, 0.0], [-0.016782383, -0.008798663, 0.014613546, 1.0]])
-0.016782383, -0.008798663, 0.014613546
SIMD3<Float>(-0.06429566, 0.018096028, -1.5732343)
0.00000000
CMRotationMatrix(m11: 0.0, m12: 0.0, m13: 0.0, m21: 0.0, m22: 0.0, m23: 0.0, m31: 0.0, m32: 0.0, m33: 0.0)

24
355628.575442708
normal
simd_float4x4([[-0.0005922448, -0.99809724, 0.06165768, 0.0], [0.99973005, -0.0020230822, -0.02314631, 0.0], [0.023227006, 0.061627325, 0.99782896, 0.0], [-0.02032674, -0.008448746, 0.014611695, 1.0]])
-0.02032674, -0.008448746, 0.014611695
SIMD3<Float>(-0.0616664, 0.02327334, -1.5728233)
0.00000000
CMRotationMatrix(m11: 0.0, m12: 0.0, m13: 0.0, m21: 0.0, m22: 0.0, m23: 0.0, m31: 0.0, m32: 0.0, m33: 0.0)

25
355628.692090333
normal
simd_float4x4([[0.008461835, -0.9978342, 0.0652331, 0.0], [0.99967927, 0.006884342, -0.024369357, 0.0], [0.02386749, 0.065418385, 0.9975724, 0.0], [-0.02467561, -0.010039729, 0.012939593, 0.99999994]])
-0.02467561, -0.010039729, 0.012939593
SIMD3<Float>(-0.06546514, 0.023921007, -1.5638971)
0.00000000
CMRotationMatrix(m11: 0.0, m12: 0.0, m13: 0.0, m21: 0.0, m22: 0.0, m23: 0.0, m31: 0.0, m32: 0.0, m33: 0.0)

26
355628.808738083
normal
simd_float4x4([[0.006819095, -0.9973218, 0.07282032, 0.0], [0.9997136, 0.0051287143, -0.023374844, 0.0], [0.022938767, 0.07295886, 0.99707115, 0.0], [-0.02394214, -0.010413185, 0.012198139, 1.0]])
-0.02394214, -0.010413185, 0.012198139
SIMD3<Float>(-0.07302374, 0.023002092, -1.5656539)
0.00000000
CMRotationMatrix(m11: 0.0, m12: 0.0, m13: 0.0, m21: 0.0, m22: 0.0, m23: 0.0, m31: 0.0, m32: 0.0, m33: 0.0)

27
355628.925385708
normal
simd_float4x4([[0.001699213, -0.9971379, 0.075585045, 0.0], [0.99967134, -0.00023974471, -0.025636192, 0.0], [0.025580939, 0.07560377, 0.9968097, 0.0], [-0.027209317, -0.011069749, 0.013352739, 1.0]])
-0.027209317, -0.011069749, 0.013352739
SIMD3<Float>(-0.07567598, 0.025657179, -1.5710368)
0.00000000
CMRotationMatrix(m11: 0.0, m12: 0.0, m13: 0.0, m21: 0.0, m22: 0.0, m23: 0.0, m31: 0.0, m32: 0.0, m33: 0.0)

28
355629.042033291
normal
simd_float4x4([[0.0049869246, -0.9971111, 0.07579283, 0.0], [0.9997288, 0.0032473265, -0.023057947, 0.0], [0.02274521, 0.075887255, 0.9968569, 0.0], [-0.032771975, -0.0116966795, 0.0125366, 1.0]])
-0.032771975, -0.0116966795, 0.0125366
SIMD3<Float>(-0.075960286, 0.022812968, -1.5675396)
0.00000000
CMRotationMatrix(m11: 0.0, m12: 0.0, m13: 0.0, m21: 0.0, m22: 0.0, m23: 0.0, m31: 0.0, m32: 0.0, m33: 0.0)

29
355629.158681041
normal
simd_float4x4([[0.0020661568, -0.9968712, 0.07901595, 0.0], [0.9998995, 0.00095079077, -0.014150728, 0.0], [0.014031324, 0.07903724, 0.9967729, 0.0], [-0.037232712, -0.0131281875, 0.0079490235, 1.0]])
-0.037232712, -0.0131281875, 0.0079490235
SIMD3<Float>(-0.079119764, 0.014075821, -1.5698426)
0.00000000
CMRotationMatrix(m11: 0.0, m12: 0.0, m13: 0.0, m21: 0.0, m22: 0.0, m23: 0.0, m31: 0.0, m32: 0.0, m33: 0.0)

30
355629.275328916
normal
simd_float4x4([[-0.0020083974, -0.99692404, 0.07834747, 0.0], [0.99999255, -0.0017449163, 0.003431295, 0.0], [-0.0032840297, 0.07835378, 0.9969202, 0.0], [-0.044534728, -0.016845666, 0.00011448655, 1.0]])
-0.044534728, -0.016845666, 0.00011448655
SIMD3<Float>(-0.07843417, -0.0032941632, -1.5725466)
0.00000000
CMRotationMatrix(m11: 0.0, m12: 0.0, m13: 0.0, m21: 0.0, m22: 0.0, m23: 0.0, m31: 0.0, m32: 0.0, m33: 0.0)

31
355629.391976375
normal
simd_float4x4([[-0.005552726, -0.99656457, 0.082633264, 0.0], [0.99981385, -0.0040058703, 0.018873554, 0.0], [-0.018477699, 0.08272267, 0.99640137, 0.0], [-0.057816546, -0.022335332, -0.01644376, 1.0]])
-0.057816546, -0.022335332, -0.01644376
SIMD3<Float>(-0.08281731, -0.018542308, -1.574816)
0.00000000
CMRotationMatrix(m11: 0.0, m12: 0.0, m13: 0.0, m21: 0.0, m22: 0.0, m23: 0.0, m31: 0.0, m32: 0.0, m33: 0.0)

32
355629.508624041
normal
simd_float4x4([[-0.015885463, -0.9949667, 0.09893916, 0.0], [0.9994639, -0.012967851, 0.03006259, 0.0], [-0.028628247, 0.09936367, 0.99463934, 0.0], [-0.06780385, -0.030658497, -0.039389912, 1.0]])
-0.06780385, -0.030658497, -0.039389912
SIMD3<Float>(-0.0995279, -0.028774597, -1.583829)
0.00000000
CMRotationMatrix(m11: 0.0, m12: 0.0, m13: 0.0, m21: 0.0, m22: 0.0, m23: 0.0, m31: 0.0, m32: 0.0, m33: 0.0)

33
355629.625271791
normal
simd_float4x4([[-0.012862387, -0.992486, 0.121680126, 0.0], [0.99923, -0.008247095, 0.03835759, 0.0], [-0.037065864, 0.122079805, 0.9918279, 0.0], [-0.0751208, -0.039138533, -0.0747471, 1.0]])
-0.0751208, -0.039138533, -0.0747471
SIMD3<Float>(-0.12238509, -0.03735388, -1.5791056)
0.00000000
CMRotationMatrix(m11: 0.0, m12: 0.0, m13: 0.0, m21: 0.0, m22: 0.0, m23: 0.0, m31: 0.0, m32: 0.0, m33: 0.0)

34
355629.74191925
normal
simd_float4x4([[-0.020557858, -0.9903751, 0.136874, 0.0], [0.9991289, -0.015378086, 0.038793888, 0.0], [-0.036315642, 0.13755229, 0.9898285, 0.0], [-0.0767043, -0.04903358, -0.1257846, 1.0]])
-0.0767043, -0.04903358, -0.1257846
SIMD3<Float>(-0.13798979, -0.036672372, -1.5863227)
0.00000000
CMRotationMatrix(m11: 0.0, m12: 0.0, m13: 0.0, m21: 0.0, m22: 0.0, m23: 0.0, m31: 0.0, m32: 0.0, m33: 0.0)

35
355629.858567
normal
simd_float4x4([[-0.026248971, -0.9888534, 0.14656012, 0.0], [0.9989852, -0.020579923, 0.04006413, 0.0], [-0.03660136, 0.14746302, 0.9883901, 0.0], [-0.071101286, -0.059278786, -0.1977078, 1.0]])
-0.071101286, -0.059278786, -0.1977078
SIMD3<Float>(-0.14800276, -0.037014376, -1.5916052)
0.00000000
CMRotationMatrix(m11: 0.0, m12: 0.0, m13: 0.0, m21: 0.0, m22: 0.0, m23: 0.0, m31: 0.0, m32: 0.0, m33: 0.0)

36
355629.975214708
normal
simd_float4x4([[-0.032085527, -0.99075556, 0.13181052, 0.0], [0.9990732, -0.028006023, 0.032688357, 0.0], [-0.028694684, 0.13273717, 0.99073577, 0.0], [-0.060250293, -0.061930668, -0.28150246, 0.99999994]])
-0.060250293, -0.061930668, -0.28150246
SIMD3<Float>(-0.13313009, -0.028954908, -1.5990561)
0.00000000
CMRotationMatrix(m11: 0.0, m12: 0.0, m13: 0.0, m21: 0.0, m22: 0.0, m23: 0.0, m31: 0.0, m32: 0.0, m33: 0.0)

37
355630.091862416
normal
simd_float4x4([[-0.0131438235, -0.99282974, 0.118812636, 0.0], [0.99933124, -0.008988236, 0.03544444, 0.0], [-0.034122374, 0.11919905, 0.9922839, 0.0], [-0.0463964, -0.0533768, -0.3789029, 1.0]])
-0.0463964, -0.0533768, -0.3789029
SIMD3<Float>(-0.11948314, -0.03437417, -1.5798492)
0.00000000
CMRotationMatrix(m11: 0.0, m12: 0.0, m13: 0.0, m21: 0.0, m22: 0.0, m23: 0.0, m31: 0.0, m32: 0.0, m33: 0.0)

38
355630.208509916
normal
simd_float4x4([[-0.008002317, -0.9943218, 0.10611387, 0.0], [0.9993615, -0.0042569763, 0.035475116, 0.0], [-0.034821954, 0.10633, 0.993721, 0.0], [-0.029714638, -0.036652252, -0.4713252, 1.0]])
-0.029714638, -0.036652252, -0.4713252
SIMD3<Float>(-0.10653139, -0.03502765, -1.5750775)
0.00000000
CMRotationMatrix(m11: 0.0, m12: 0.0, m13: 0.0, m21: 0.0, m22: 0.0, m23: 0.0, m31: 0.0, m32: 0.0, m33: 0.0)

39
355630.325157625
normal
simd_float4x4([[-0.014550037, -0.99396634, 0.108715236, 0.0], [0.9995111, -0.011449444, 0.029090328, 0.0], [-0.02767008, 0.10908536, 0.9936471, 0.0], [-0.018913016, -0.032052197, -0.56012, 0.9999999]])
-0.018913016, -0.032052197, -0.56012
SIMD3<Float>(-0.10930287, -0.027839795, -1.5823147)
0.00000000
CMRotationMatrix(m11: 0.0, m12: 0.0, m13: 0.0, m21: 0.0, m22: 0.0, m23: 0.0, m31: 0.0, m32: 0.0, m33: 0.0)

40
355630.44180525
normal
simd_float4x4([[-0.015611848, -0.9913748, 0.13012414, 0.0], [0.9998253, -0.014140695, 0.0122221215, 0.0], [-0.010276656, 0.1302922, 0.9914224, 0.0], [-0.017154206, -0.041171674, -0.653724, 0.99999994]])
-0.017154206, -0.041171674, -0.653724
SIMD3<Float>(-0.1306637, -0.010365196, -1.585059)
0.00000000
CMRotationMatrix(m11: 0.0, m12: 0.0, m13: 0.0, m21: 0.0, m22: 0.0, m23: 0.0, m31: 0.0, m32: 0.0, m33: 0.0)

41
355630.558452916
normal
simd_float4x4([[-0.00795762, -0.9916773, 0.12850203, 0.0], [0.99996823, -0.007818087, 0.0015902184, 0.0], [-0.0005723441, 0.1285106, 0.9917079, 0.0], [-0.022111377, -0.056840736, -0.75584877, 0.99999994]])
-0.022111377, -0.056840736, -0.75584877
SIMD3<Float>(-0.12886697, -0.00057712966, -1.5786799)
0.00000000
CMRotationMatrix(m11: 0.0, m12: 0.0, m13: 0.0, m21: 0.0, m22: 0.0, m23: 0.0, m31: 0.0, m32: 0.0, m33: 0.0)

42
355630.675100333
normal
simd_float4x4([[-0.004262067, -0.99252295, 0.12198382, 0.0], [0.99998176, -0.0037071924, 0.004775346, 0.0], [-0.0042874245, 0.12200194, 0.99252063, 0.0], [-0.032755706, -0.064710185, -0.8703812, 1.0]])
-0.032755706, -0.064710185, -0.8703812
SIMD3<Float>(-0.12230664, -0.0043197065, -1.5745314)
0.00000000
CMRotationMatrix(m11: 0.0, m12: 0.0, m13: 0.0, m21: 0.0, m22: 0.0, m23: 0.0, m31: 0.0, m32: 0.0, m33: 0.0)

43
355630.791748041
normal
simd_float4x4([[0.011469768, -0.99579036, 0.09094, 0.0], [0.9997964, 0.012930838, 0.015493401, 0.0], [-0.016604109, 0.09074379, 0.9957359, 0.0], [-0.042752206, -0.057512008, -0.98733765, 1.0000001]])
-0.042752206, -0.057512008, -0.98733765
SIMD3<Float>(-0.090868786, -0.01667367, -1.5578115)
0.00000000
CMRotationMatrix(m11: 0.0, m12: 0.0, m13: 0.0, m21: 0.0, m22: 0.0, m23: 0.0, m31: 0.0, m32: 0.0, m33: 0.0)

44
355630.908395708
normal
simd_float4x4([[0.0031859402, -0.9921016, 0.12539566, 0.0], [0.9991271, 0.008380958, 0.040923286, 0.0], [-0.041651, 0.12515582, 0.99126244, 0.0], [-0.047155075, -0.0488357, -1.1050025, 0.99999994]])
-0.047155075, -0.0488357, -1.1050025
SIMD3<Float>(-0.12548488, -0.041993435, -1.5623488)
0.00000000
CMRotationMatrix(m11: 0.0, m12: 0.0, m13: 0.0, m21: 0.0, m22: 0.0, m23: 0.0, m31: 0.0, m32: 0.0, m33: 0.0)

45
355631.025043125
normal
simd_float4x4([[-0.00023238221, -0.9920826, 0.12558627, 0.0], [0.99854255, 0.006547426, 0.0535698, 0.0], [-0.053967938, 0.12541567, 0.99063516, 0.0], [-0.0500635, -0.04489072, -1.2144436, 0.9999999]])
-0.0500635, -0.04489072, -1.2144436
SIMD3<Float>(-0.1257468, -0.05442432, -1.5641967)
0.00000000
CMRotationMatrix(m11: 0.0, m12: 0.0, m13: 0.0, m21: 0.0, m22: 0.0, m23: 0.0, m31: 0.0, m32: 0.0, m33: 0.0)

46
355631.141690833
normal
simd_float4x4([[-0.012809232, -0.99221134, 0.12390554, 0.0], [0.99889207, -0.0070855482, 0.04652478, 0.0], [-0.045284476, 0.12436419, 0.9912027, 0.0], [-0.052140016, -0.052958608, -1.3288159, 0.99999994]])
-0.052140016, -0.052958608, -1.3288159
SIMD3<Float>(-0.12468702, -0.045654647, -1.5779374)
0.00000000
CMRotationMatrix(m11: 0.0, m12: 0.0, m13: 0.0, m21: 0.0, m22: 0.0, m23: 0.0, m31: 0.0, m32: 0.0, m33: 0.0)

47
355631.2583385
normal
simd_float4x4([[-0.016272953, -0.99423677, 0.105964005, 0.0], [0.99934447, -0.012745042, 0.033886004, 0.0], [-0.032340195, 0.10644596, 0.9937925, 0.0], [-0.050086327, -0.061862465, -1.4494717, 1.0]])
-0.050086327, -0.061862465, -1.4494717
SIMD3<Float>(-0.10664801, -0.03253072, -1.5836146)
0.00000000
CMRotationMatrix(m11: 0.0, m12: 0.0, m13: 0.0, m21: 0.0, m22: 0.0, m23: 0.0, m31: 0.0, m32: 0.0, m33: 0.0)

48
355631.374986083
normal
simd_float4x4([[-0.014729783, -0.9976819, 0.06643678, 0.0], [0.9998352, -0.013990934, 0.011572707, 0.0], [-0.010616368, 0.06659629, 0.9977235, 0.0], [-0.0424345, -0.050966356, -1.572706, 0.99999994]])
-0.0424345, -0.050966356, -1.572706
SIMD3<Float>(-0.066645615, -0.010640189, -1.5848188)
0.00000000
CMRotationMatrix(m11: 0.0, m12: 0.0, m13: 0.0, m21: 0.0, m22: 0.0, m23: 0.0, m31: 0.0, m32: 0.0, m33: 0.0)

49
355631.491633666
normal
simd_float4x4([[-0.004889003, -0.9982321, 0.059234265, 0.0], [0.9999831, -0.00506578, -0.0028345704, 0.0], [0.0031296273, 0.05921941, 0.9982401, 0.0], [-0.0367097, -0.028451461, -1.692325, 1.0]])
-0.0367097, -0.028451461, -1.692325
SIMD3<Float>(-0.059254076, 0.0031351345, -1.575871)
0.00000000
CMRotationMatrix(m11: 0.0, m12: 0.0, m13: 0.0, m21: 0.0, m22: 0.0, m23: 0.0, m31: 0.0, m32: 0.0, m33: 0.0)

50
355631.608281208
normal
simd_float4x4([[0.0049907793, -0.9976456, 0.06839851, 0.0], [0.9999106, 0.004129964, -0.0127209285, 0.0], [0.012408494, 0.06845588, 0.997577, 0.0], [-0.037413165, -0.019626394, -1.8106608, 1.0]])
-0.037413165, -0.019626394, -1.8106608
SIMD3<Float>(-0.06850946, 0.012437991, -1.5666566)
0.00000000
CMRotationMatrix(m11: 0.0, m12: 0.0, m13: 0.0, m21: 0.0, m22: 0.0, m23: 0.0, m31: 0.0, m32: 0.0, m33: 0.0)

51
355631.724928833
normal
simd_float4x4([[0.0036630144, -0.99663967, 0.08182897, 0.0], [0.99962854, 0.0014394253, -0.0272161, 0.0], [0.027006859, 0.081898265, 0.99627477, 0.0], [-0.042464394, -0.024460353, -1.9308594, 1.0000001]])
-0.042464394, -0.024460353, -1.9308594
SIMD3<Float>(-0.08199009, 0.027101206, -1.569352)
0.00000000
CMRotationMatrix(m11: 0.0, m12: 0.0, m13: 0.0, m21: 0.0, m22: 0.0, m23: 0.0, m31: 0.0, m32: 0.0, m33: 0.0)

52
355631.841576583
normal
simd_float4x4([[0.0030293877, -0.99778, 0.06652555, 0.0], [0.99925894, 0.0004679229, -0.038485344, 0.0], [0.03836879, 0.06659284, 0.9970422, 0.0], [-0.054319277, -0.036621038, -2.0529757, 1.0]])
-0.054319277, -0.036621038, -2.0529757
SIMD3<Float>(-0.06664216, 0.038463637, -1.5703274)
0.00000000
CMRotationMatrix(m11: 0.0, m12: 0.0, m13: 0.0, m21: 0.0, m22: 0.0, m23: 0.0, m31: 0.0, m32: 0.0, m33: 0.0)

53
355631.958223916
normal
simd_float4x4([[0.01910219, -0.99789613, 0.061954893, 0.0], [0.9996143, 0.017812097, -0.021308996, 0.0], [0.020160617, 0.062338043, 0.99785143, 0.0], [-0.07053914, -0.04359106, -2.1809604, 0.99999994]])
-0.07053914, -0.04359106, -2.1809604
SIMD3<Float>(-0.06237849, 0.020201279, -1.5529486)
0.00000000
CMRotationMatrix(m11: 0.0, m12: 0.0, m13: 0.0, m21: 0.0, m22: 0.0, m23: 0.0, m31: 0.0, m32: 0.0, m33: 0.0)

54
355632.074871541
normal
simd_float4x4([[0.017539421, -0.9957116, 0.09083315, 0.0], [0.99982023, 0.016811606, -0.008771641, 0.0], [0.0072069736, 0.09097067, 0.99582756, 0.0], [-0.084721096, -0.03777429, -2.3028572, 1.0]])
-0.084721096, -0.03777429, -2.3028572
SIMD3<Float>(-0.09109662, 0.007237044, -1.553914)
0.00000000
CMRotationMatrix(m11: 0.0, m12: 0.0, m13: 0.0, m21: 0.0, m22: 0.0, m23: 0.0, m31: 0.0, m32: 0.0, m33: 0.0)

55
355632.191519208
normal
simd_float4x4([[0.019725345, -0.9953997, 0.09375646, 0.0], [0.9997956, 0.020053333, 0.0025573706, 0.0], [-0.0044257366, 0.09368686, 0.9955919, 0.0], [-0.09643323, -0.031621892, -2.4187524, 0.99999994]])
-0.09643323, -0.031621892, -2.4187524
SIMD3<Float>(-0.09382445, -0.0044453028, -1.5506531)
0.00000000
CMRotationMatrix(m11: 0.0, m12: 0.0, m13: 0.0, m21: 0.0, m22: 0.0, m23: 0.0, m31: 0.0, m32: 0.0, m33: 0.0)

56
355632.308166625
normal
simd_float4x4([[0.0022767347, -0.99455845, 0.10415486, 0.0], [0.9999627, 0.003132586, 0.008054257, 0.0], [-0.008336705, 0.10413264, 0.99452853, 0.0], [-0.09881718, -0.034396283, -2.5318487, 1.0000001]])
-0.09881718, -0.034396283, -2.5318487
SIMD3<Float>(-0.104321755, -0.0083823735, -1.5676466)
0.00000000
CMRotationMatrix(m11: 0.0, m12: 0.0, m13: 0.0, m21: 0.0, m22: 0.0, m23: 0.0, m31: 0.0, m32: 0.0, m33: 0.0)

57
355632.42481425
normal
simd_float4x4([[-0.008631531, -0.9936706, 0.112000786, 0.0], [0.99991524, -0.0074863206, 0.010641557, 0.0], [-0.009735729, 0.11208317, 0.99365103, 0.0], [-0.09774809, -0.046203658, -2.655794, 0.9999999]])
-0.09774809, -0.046203658, -2.655794
SIMD3<Float>(-0.11231918, -0.0097976215, -1.5783302)
0.00000000
CMRotationMatrix(m11: 0.0, m12: 0.0, m13: 0.0, m21: 0.0, m22: 0.0, m23: 0.0, m31: 0.0, m32: 0.0, m33: 0.0)

58
355632.541461833
normal
simd_float4x4([[-0.0075881635, -0.99538445, 0.095666744, 0.0], [0.9999459, -0.0068716393, 0.007817027, 0.0], [-0.0071235606, 0.09572087, 0.9953828, 0.0], [-0.092841595, -0.048679303, -2.779899, 1.0]])
-0.092841595, -0.048679303, -2.779899
SIMD3<Float>(-0.09586765, -0.007156482, -1.5776997)
0.00000000
CMRotationMatrix(m11: 0.0, m12: 0.0, m13: 0.0, m21: 0.0, m22: 0.0, m23: 0.0, m31: 0.0, m32: 0.0, m33: 0.0)

59
355632.658109375
normal
simd_float4x4([[0.013141893, -0.99594665, 0.08898037, 0.0], [0.9999082, 0.013382523, 0.0021082666, 0.0], [-0.0032905051, 0.088944495, 0.9960312, 0.0], [-0.08782852, -0.034314245, -2.901637, 1.0]])
-0.08782852, -0.034314245, -2.901637
SIMD3<Float>(-0.08906219, -0.0033036044, -1.5573602)
0.00000000
CMRotationMatrix(m11: 0.0, m12: 0.0, m13: 0.0, m21: 0.0, m22: 0.0, m23: 0.0, m31: 0.0, m32: 0.0, m33: 0.0)

60
355632.774756666
normal
simd_float4x4([[0.010555014, -0.99584734, 0.09042484, 0.0], [0.99994195, 0.01031689, -0.003100401, 0.0], [0.0021546218, 0.09045233, 0.9958984, 0.0], [-0.085797966, -0.023210697, -3.0187728, 1.0]])
-0.085797966, -0.023210697, -3.0187728
SIMD3<Float>(-0.09057613, 0.0021634921, -1.5604368)
0.00000000
CMRotationMatrix(m11: 0.0, m12: 0.0, m13: 0.0, m21: 0.0, m22: 0.0, m23: 0.0, m31: 0.0, m32: 0.0, m33: 0.0)

61
355632.891404375
normal
simd_float4x4([[0.010762076, -0.993585, 0.112574704, 0.0], [0.99990773, 0.009759534, -0.009452893, 0.0], [0.008293577, 0.11266605, 0.99359834, 0.0], [-0.09019908, -0.024367291, -3.122872, 0.99999994]])
-0.09019908, -0.024367291, -3.122872
SIMD3<Float>(-0.11290578, 0.008346817, -1.5609741)
0.00000000
CMRotationMatrix(m11: 0.0, m12: 0.0, m13: 0.0, m21: 0.0, m22: 0.0, m23: 0.0, m31: 0.0, m32: 0.0, m33: 0.0)

62
355633.008051958
normal
simd_float4x4([[0.006828503, -0.9941908, 0.10741553, 0.0], [0.99978685, 0.0046949205, -0.020103252, 0.0], [0.01948216, 0.10752991, 0.99401087, 0.0], [-0.099862844, -0.034605112, -3.232755, 0.9999999]])
-0.099862844, -0.034605112, -3.232755
SIMD3<Float>(-0.10773822, 0.019597035, -1.566074)
0.00000000
CMRotationMatrix(m11: 0.0, m12: 0.0, m13: 0.0, m21: 0.0, m22: 0.0, m23: 0.0, m31: 0.0, m32: 0.0, m33: 0.0)

63
355633.124699375
normal
simd_float4x4([[0.0032881862, -0.99532264, 0.096549675, 0.0], [0.9997727, 0.0012385511, -0.021281075, 0.0], [0.021061955, 0.09659771, 0.99510056, 0.0], [-0.11695564, -0.042969774, -3.3499467, 0.9999999]])
-0.11695564, -0.042969774, -3.3499467
SIMD3<Float>(-0.09674857, 0.021162495, -1.569552)
0.00000000
CMRotationMatrix(m11: 0.0, m12: 0.0, m13: 0.0, m21: 0.0, m22: 0.0, m23: 0.0, m31: 0.0, m32: 0.0, m33: 0.0)

64
355633.241346875
normal
simd_float4x4([[0.016854819, -0.99785256, 0.063294195, 0.0], [0.99959564, 0.015366625, -0.02392598, 0.0], [0.022901984, 0.063671865, 0.9977081, 0.0], [-0.13173354, -0.040244035, -3.4673526, 1.0]])
-0.13173354, -0.040244035, -3.4673526
SIMD3<Float>(-0.063714966, 0.022950564, -1.5553979)
0.00000000
CMRotationMatrix(m11: 0.0, m12: 0.0, m13: 0.0, m21: 0.0, m22: 0.0, m23: 0.0, m31: 0.0, m32: 0.0, m33: 0.0)

65
355633.3579945
normal
simd_float4x4([[0.022268917, -0.99610746, 0.085288, 0.0], [0.9997097, 0.02140265, -0.011058031, 0.0], [0.009189598, 0.08550951, 0.996295, 0.0], [-0.1403494, -0.037014946, -3.5854733, 1.0]])
-0.1403494, -0.037014946, -3.5854733
SIMD3<Float>(-0.085614055, 0.009223511, -1.5493133)
0.00000000
CMRotationMatrix(m11: 0.0, m12: 0.0, m13: 0.0, m21: 0.0, m22: 0.0, m23: 0.0, m31: 0.0, m32: 0.0, m33: 0.0)

66
355633.474641875
normal
simd_float4x4([[0.012477913, -0.994656, 0.102486975, 0.0], [0.99992114, 0.012556617, 0.00012280894, 0.0], [-0.0014090426, 0.10247736, 0.9947343, 0.0], [-0.14193676, -0.03582665, -3.6995306, 0.99999994]])
-0.14193676, -0.03582665, -3.6995306
SIMD3<Float>(-0.10265757, -0.0014165005, -1.558173)
0.00000000
CMRotationMatrix(m11: 0.0, m12: 0.0, m13: 0.0, m21: 0.0, m22: 0.0, m23: 0.0, m31: 0.0, m32: 0.0, m33: 0.0)

67
355633.591289333
normal
simd_float4x4([[0.0031168568, -0.9951938, 0.09787559, 0.0], [0.999966, 0.0023550838, -0.007897641, 0.0], [0.007629177, 0.09789688, 0.9951673, 0.0], [-0.14136334, -0.050360534, -3.815145, 1.0]])
-0.14136334, -0.050360534, -3.815145
SIMD3<Float>(-0.09805393, 0.007666075, -1.5684298)
0.00000000
CMRotationMatrix(m11: 0.0, m12: 0.0, m13: 0.0, m21: 0.0, m22: 0.0, m23: 0.0, m31: 0.0, m32: 0.0, m33: 0.0)

68
355633.707936833
normal
simd_float4x4([[0.00040073966, -0.9952964, 0.09687598, 0.0], [0.9998875, -0.001053762, -0.01496243, 0.0], [0.014994135, 0.096871085, 0.995184, 0.0], [-0.13121924, -0.06416791, -3.944171, 1.0]])
-0.13121924, -0.06416791, -3.944171
SIMD3<Float>(-0.097023234, 0.015065556, -1.5718551)
0.00000000
CMRotationMatrix(m11: 0.0, m12: 0.0, m13: 0.0, m21: 0.0, m22: 0.0, m23: 0.0, m31: 0.0, m32: 0.0, m33: 0.0)

69
355633.824584416
normal
simd_float4x4([[0.02879972, -0.99736863, 0.06653094, 0.0], [0.9993052, 0.02715259, -0.02553047, 0.0], [0.023656802, 0.067219995, 0.9974577, 0.0], [-0.11573433, -0.057140287, -4.078514, 0.99999994]])
-0.11573433, -0.057140287, -4.078514
SIMD3<Float>(-0.06727072, 0.023712654, -1.5435789)
0.00000000
CMRotationMatrix(m11: 0.0, m12: 0.0, m13: 0.0, m21: 0.0, m22: 0.0, m23: 0.0, m31: 0.0, m32: 0.0, m33: 0.0)

70
355633.941232041
normal
simd_float4x4([[0.039280903, -0.9960999, 0.07900623, 0.0], [0.998605, 0.03634146, -0.038305607, 0.0], [0.03528501, 0.08040069, 0.9961378, 0.0], [-0.10205545, -0.044022758, -4.213959, 0.99999994]])
-0.10205545, -0.044022758, -4.213959
SIMD3<Float>(-0.080487564, 0.035407014, -1.5343287)
0.00000000
CMRotationMatrix(m11: 0.0, m12: 0.0, m13: 0.0, m21: 0.0, m22: 0.0, m23: 0.0, m31: 0.0, m32: 0.0, m33: 0.0)

71
355634.057879166
normal
simd_float4x4([[0.019483613, -0.99360675, 0.111202516, 0.0], [0.999123, 0.015226434, -0.039004866, 0.0], [0.03706228, 0.111864954, 0.99303204, 0.0], [-0.08899616, -0.038964693, -4.3433366, 1.0]])
-0.08899616, -0.038964693, -4.3433366
SIMD3<Float>(-0.11209959, 0.037305027, -1.5554731)
0.00000000
CMRotationMatrix(m11: 0.0, m12: 0.0, m13: 0.0, m21: 0.0, m22: 0.0, m23: 0.0, m31: 0.0, m32: 0.0, m33: 0.0)

72
355634.174526833
normal
simd_float4x4([[0.01273435, -0.9931581, 0.11608118, 0.0], [0.9993809, 0.008833565, -0.034056667, 0.0], [0.032798246, 0.11644301, 0.99265575, 0.0], [-0.082383744, -0.04826141, -4.4663815, 1.0]])
-0.082383744, -0.04826141, -4.4663815
SIMD3<Float>(-0.116707765, 0.03302889, -1.5619022)
0.00000000
CMRotationMatrix(m11: 0.0, m12: 0.0, m13: 0.0, m21: 0.0, m22: 0.0, m23: 0.0, m31: 0.0, m32: 0.0, m33: 0.0)

73
355634.291174166
normal
simd_float4x4([[0.012547379, -0.99343854, 0.113676764, 0.0], [0.99923426, 0.008243929, -0.038248233, 0.0], [0.037060123, 0.11406963, 0.9927813, 0.0], [-0.08306072, -0.058292285, -4.5924296, 1.0000001]])
-0.08306072, -0.058292285, -4.5924296
SIMD3<Float>(-0.11431847, 0.03731227, -1.5624981)
0.00000000
CMRotationMatrix(m11: 0.0, m12: 0.0, m13: 0.0, m21: 0.0, m22: 0.0, m23: 0.0, m31: 0.0, m32: 0.0, m33: 0.0)

74
355634.40782175
normal
simd_float4x4([[0.030691031, -0.9923634, 0.11946971, 0.0], [0.99893695, 0.026339721, -0.037832435, 0.0], [0.034396723, 0.12050382, 0.99211687, 0.0], [-0.09024037, -0.053820446, -4.719702, 1.0000001]])
-0.09024037, -0.053820446, -4.719702
SIMD3<Float>(-0.12079739, 0.03465615, -1.5442601)
0.00000000
CMRotationMatrix(m11: 0.0, m12: 0.0, m13: 0.0, m21: 0.0, m22: 0.0, m23: 0.0, m31: 0.0, m32: 0.0, m33: 0.0)

75
355634.524469208
normal
simd_float4x4([[0.038426064, -0.99222517, 0.118375026, 0.0], [0.99899626, 0.035416108, -0.02742756, 0.0], [0.02302193, 0.11931013, 0.99259007, 0.0], [-0.09031499, -0.04306606, -4.8379817, 1.0]])
-0.09031499, -0.04306606, -4.8379817
SIMD3<Float>(-0.11959502, 0.023189638, -1.5351179)
0.00000000
CMRotationMatrix(m11: 0.0, m12: 0.0, m13: 0.0, m21: 0.0, m22: 0.0, m23: 0.0, m31: 0.0, m32: 0.0, m33: 0.0)

76
355634.641116541
normal
simd_float4x4([[0.025845865, -0.9907592, 0.13314714, 0.0], [0.9995184, 0.023323668, -0.020468185, 0.0], [0.017173562, 0.13361204, 0.9908849, 0.0], [-0.08336159, -0.037296455, -4.951623, 1.0]])
-0.08336159, -0.037296455, -4.951623
SIMD3<Float>(-0.1340128, 0.017329806, -1.5472594)
0.00000000
CMRotationMatrix(m11: 0.0, m12: 0.0, m13: 0.0, m21: 0.0, m22: 0.0, m23: 0.0, m31: 0.0, m32: 0.0, m33: 0.0)

77
355634.757764041
normal
simd_float4x4([[0.01252723, -0.9920103, 0.12553377, 0.0], [0.99982995, 0.0107277045, -0.015000799, 0.0], [0.013534257, 0.12570034, 0.9919759, 0.0], [-0.071698636, -0.043651395, -5.06407, 1.0]])
-0.071698636, -0.043651395, -5.06407
SIMD3<Float>(-0.12603374, 0.013642889, -1.5599827)
0.00000000
CMRotationMatrix(m11: 0.0, m12: 0.0, m13: 0.0, m21: 0.0, m22: 0.0, m23: 0.0, m31: 0.0, m32: 0.0, m33: 0.0)

78
355634.874411458
normal
simd_float4x4([[0.014850502, -0.99497896, 0.0989763, 0.0], [0.99985456, 0.013946862, -0.009815565, 0.0], [0.008385873, 0.09910768, 0.99504143, 0.0], [-0.058920965, -0.052424178, -5.1845493, 1.0]])
-0.058920965, -0.052424178, -5.1845493
SIMD3<Float>(-0.09927065, 0.0084274635, -1.55678)
0.00000000
CMRotationMatrix(m11: 0.0, m12: 0.0, m13: 0.0, m21: 0.0, m22: 0.0, m23: 0.0, m31: 0.0, m32: 0.0, m33: 0.0)

79
355634.991059041
normal
simd_float4x4([[0.02668097, -0.99681765, 0.07511776, 0.0], [0.99924505, 0.024472287, -0.030171549, 0.0], [0.028237231, 0.07586606, 0.99671805, 0.0], [-0.0477325, -0.0453316, -5.3066726, 0.9999999]])
-0.0477325, -0.0453316, -5.3066726
SIMD3<Float>(-0.07593902, 0.028322633, -1.5462508)
0.00000000
CMRotationMatrix(m11: 0.0, m12: 0.0, m13: 0.0, m21: 0.0, m22: 0.0, m23: 0.0, m31: 0.0, m32: 0.0, m33: 0.0)

80
355635.107706583
normal
simd_float4x4([[0.036721356, -0.9956704, 0.08539348, 0.0], [0.998383, 0.032842077, -0.046398055, 0.0], [0.043392673, 0.08695921, 0.99526644, 0.0], [-0.041043516, -0.03209842, -5.430925, 1.0]])
-0.041043516, -0.03209842, -5.430925
SIMD3<Float>(-0.08706918, 0.043571457, -1.5378234)
0.00000000
CMRotationMatrix(m11: 0.0, m12: 0.0, m13: 0.0, m21: 0.0, m22: 0.0, m23: 0.0, m31: 0.0, m32: 0.0, m33: 0.0)

81
355635.224354041
normal
simd_float4x4([[0.043540355, -0.99083555, 0.1278634, 0.0], [0.99785316, 0.036863524, -0.054129574, 0.0], [0.048920017, 0.12994574, 0.9903135, 0.0], [-0.04137183, -0.02824254, -5.5550528, 1.0]])
-0.04137183, -0.02824254, -5.5550528
SIMD3<Float>(-0.13031426, 0.049358394, -1.533609)
0.00000000
CMRotationMatrix(m11: 0.0, m12: 0.0, m13: 0.0, m21: 0.0, m22: 0.0, m23: 0.0, m31: 0.0, m32: 0.0, m33: 0.0)

82
355635.341001166
normal
simd_float4x4([[0.045986004, -0.9909843, 0.12583868, 0.0], [0.99729556, 0.03831466, -0.06271851, 0.0], [0.057331596, 0.12838253, 0.99006623, 0.0], [-0.045385804, -0.034327723, -5.6738877, 1.0]])
-0.045385804, -0.034327723, -5.6738877
SIMD3<Float>(-0.12873784, 0.057842236, -1.5321523)
0.00000000
CMRotationMatrix(m11: 0.0, m12: 0.0, m13: 0.0, m21: 0.0, m22: 0.0, m23: 0.0, m31: 0.0, m32: 0.0, m33: 0.0)

83
355635.457648708
normal
simd_float4x4([[0.041319884, -0.99213225, 0.118179366, 0.0], [0.9975216, 0.034221157, -0.0614791, 0.0], [0.056951158, 0.120426774, 0.99108726, 0.0], [-0.057593405, -0.048388533, -5.8014035, 1.0]])
-0.057593405, -0.048388533, -5.8014035
SIMD3<Float>(-0.120719776, 0.05740019, -1.5363175)
0.00000000
CMRotationMatrix(m11: 0.0, m12: 0.0, m13: 0.0, m21: 0.0, m22: 0.0, m23: 0.0, m31: 0.0, m32: 0.0, m33: 0.0)

84
355635.574296333
normal
simd_float4x4([[0.037433676, -0.9918478, 0.12180542, 0.0], [0.9983116, 0.03170028, -0.048672862, 0.0], [0.044414803, 0.12342176, 0.99135983, 0.0], [-0.07374729, -0.05183813, -5.9328074, 1.0]])
-0.07374729, -0.05183813, -5.9328074
SIMD3<Float>(-0.12373727, 0.04477196, -1.5388464)
0.00000000
CMRotationMatrix(m11: 0.0, m12: 0.0, m13: 0.0, m21: 0.0, m22: 0.0, m23: 0.0, m31: 0.0, m32: 0.0, m33: 0.0)

85
355635.690943583
normal
simd_float4x4([[0.028820524, -0.9883955, 0.14914316, 0.0], [0.99921185, 0.02441261, -0.031302113, 0.0], [0.02729789, 0.14992775, 0.98832005, 0.0], [-0.08374485, -0.045625675, -6.066203, 1.0]])
-0.08374485, -0.045625675, -6.066203
SIMD3<Float>(-0.1504952, 0.027613476, -1.5461022)
0.00000000
CMRotationMatrix(m11: 0.0, m12: 0.0, m13: 0.0, m21: 0.0, m22: 0.0, m23: 0.0, m31: 0.0, m32: 0.0, m33: 0.0)

86
355635.807591
normal
simd_float4x4([[0.035295166, -0.98763853, 0.1527232, 0.0], [0.9992506, 0.03244615, -0.0211078, 0.0], [0.015891599, 0.15335374, 0.98804355, 0.0], [-0.09320611, -0.037899263, -6.181845, 1.0]])
-0.09320611, -0.037899263, -6.181845
SIMD3<Float>(-0.15396127, 0.016082518, -1.5379559)
0.00000000
CMRotationMatrix(m11: 0.0, m12: 0.0, m13: 0.0, m21: 0.0, m22: 0.0, m23: 0.0, m31: 0.0, m32: 0.0, m33: 0.0)

87
355635.924238625
normal
simd_float4x4([[0.025344959, -0.9889578, 0.14601326, 0.0], [0.99950314, 0.022331754, -0.022239096, 0.0], [0.0187328, 0.14650437, 0.98903257, 0.0], [-0.09968162, -0.040193733, -6.2992353, 0.9999999]])
-0.09968162, -0.040193733, -6.2992353
SIMD3<Float>(-0.14703359, 0.018938264, -1.5482191)
0.00000000
CMRotationMatrix(m11: 0.0, m12: 0.0, m13: 0.0, m21: 0.0, m22: 0.0, m23: 0.0, m31: 0.0, m32: 0.0, m33: 0.0)

88
355636.040886125
normal
simd_float4x4([[0.016711986, -0.99193925, 0.12560798, 0.0], [0.99938864, 0.012713244, -0.03256961, 0.0], [0.030710187, 0.12607549, 0.9915452, 0.0], [-0.10357231, -0.050195336, -6.423537, 1.0]])
-0.10357231, -0.050195336, -6.423537
SIMD3<Float>(-0.1264119, 0.030962152, -1.5579804)
0.00000000
CMRotationMatrix(m11: 0.0, m12: 0.0, m13: 0.0, m21: 0.0, m22: 0.0, m23: 0.0, m31: 0.0, m32: 0.0, m33: 0.0)

89
355636.157533291
normal
simd_float4x4([[0.034744997, -0.995455, 0.08866728, 0.0], [0.9985662, 0.0309643, -0.043664478, 0.0], [0.040720515, 0.09005728, 0.9951037, 0.0], [-0.10500315, -0.05062965, -6.5541244, 0.9999999]])
-0.10500315, -0.05062965, -6.5541244
SIMD3<Float>(-0.090179466, 0.04089806, -1.5397006)
0.00000000
CMRotationMatrix(m11: 0.0, m12: 0.0, m13: 0.0, m21: 0.0, m22: 0.0, m23: 0.0, m31: 0.0, m32: 0.0, m33: 0.0)

90
355636.274180791
normal
simd_float4x4([[0.06196753, -0.99225825, 0.10762713, 0.0], [0.9969341, 0.05637392, -0.05426193, 0.0], [0.047774483, 0.11065962, 0.99270946, 0.0], [-0.108787514, -0.040941548, -6.691922, 0.99999994]])
-0.108787514, -0.040941548, -6.691922
SIMD3<Float>(-0.11088672, 0.04808824, -1.5140436)
0.00000000
CMRotationMatrix(m11: 0.0, m12: 0.0, m13: 0.0, m21: 0.0, m22: 0.0, m23: 0.0, m31: 0.0, m32: 0.0, m33: 0.0)

91
355636.390828166
normal
simd_float4x4([[0.07402758, -0.98746556, 0.13939771, 0.0], [0.99625814, 0.06697543, -0.054625444, 0.0], [0.04460452, 0.1429199, 0.98872864, 0.0], [-0.116584785, -0.03589652, -6.822325, 1.0]])
-0.116584785, -0.03589652, -6.822325
SIMD3<Float>(-0.14341098, 0.04508244, -1.5030744)
0.00000000
CMRotationMatrix(m11: 0.0, m12: 0.0, m13: 0.0, m21: 0.0, m22: 0.0, m23: 0.0, m31: 0.0, m32: 0.0, m33: 0.0)

92
355636.507475625
normal
simd_float4x4([[0.060846582, -0.9878596, 0.14293723, 0.0], [0.9966141, 0.052193344, -0.06353044, 0.0], [0.055298783, 0.14631888, 0.9876907, 0.0], [-0.124300346, -0.03569455, -6.9436555, 0.99999994]])
-0.124300346, -0.03569455, -6.9436555
SIMD3<Float>(-0.14684607, 0.055929564, -1.5180106)
0.00000000
