ARKit Data

1
355827.516366166
normal
simd_float4x4([[-0.013858292, -0.99096686, 0.13338898, 0.0], [0.9993656, -0.01810384, -0.03066821, 0.0], [0.032806035, 0.13287938, 0.9905891, 0.0], [0.030981872, 0.027838593, 0.14330529, 1.0]])
0.030981872, 0.027838593, 0.14330529
SIMD3<Float>(-0.13327356, 0.033105604, -1.5890632)
0.00000000
CMRotationMatrix(m11: 0.0, m12: 0.0, m13: 0.0, m21: 0.0, m22: 0.0, m23: 0.0, m31: 0.0, m32: 0.0, m33: 0.0)

2
355827.633013083
normal
simd_float4x4([[-0.009413401, -0.9914138, 0.1304224, 0.0], [0.9997774, -0.011794021, -0.017492771, 0.0], [0.018880785, 0.13022871, 0.99130416, 0.0], [0.03636314, 0.028390728, 0.14509909, 0.99999994]])
0.03636314, 0.028390728, 0.14509909
SIMD3<Float>(-0.13059965, 0.019044107, -1.5826919)
0.00000000
CMRotationMatrix(m11: 0.0, m12: 0.0, m13: 0.0, m21: 0.0, m22: 0.0, m23: 0.0, m31: 0.0, m32: 0.0, m33: 0.0)

3
355827.749660041
normal
simd_float4x4([[-0.01062635, -0.99032, 0.13839544, 0.0], [0.9998376, -0.012537148, -0.01294236, 0.0], [0.014552166, 0.13823543, 0.99029243, 0.0], [0.03666656, 0.028014824, 0.14290017, 0.99999994]])
0.03666656, 0.028014824, 0.14290017
SIMD3<Float>(-0.13867952, 0.014693759, -1.5834553)
0.00000000
CMRotationMatrix(m11: 0.0, m12: 0.0, m13: 0.0, m21: 0.0, m22: 0.0, m23: 0.0, m31: 0.0, m32: 0.0, m33: 0.0)

4
355827.866306875
normal
simd_float4x4([[-0.010840155, -0.9894542, 0.14443977, 0.0], [0.9999128, -0.011816099, -0.0059005874, 0.0], [0.0075450786, 0.14436321, 0.98949593, 0.0], [0.037701767, 0.025056325, 0.13915253, 1.0000001]])
0.037701767, 0.025056325, 0.13915253
SIMD3<Float>(-0.14486942, 0.007625026, -1.5827378)
0.00000000
CMRotationMatrix(m11: 0.0, m12: 0.0, m13: 0.0, m21: 0.0, m22: 0.0, m23: 0.0, m31: 0.0, m32: 0.0, m33: 0.0)

5
355827.982954083
normal
simd_float4x4([[-0.009576966, -0.98901904, 0.1474772, 0.0], [0.99983895, -0.007232662, 0.016424123, 0.0], [-0.01517712, 0.14761074, 0.9889291, 0.0], [0.039167397, 0.024292605, 0.13610882, 1.0]])
0.039167397, 0.024292605, 0.13610882
SIMD3<Float>(-0.14815211, -0.015345821, -1.5781091)
0.00000000
CMRotationMatrix(m11: 0.0, m12: 0.0, m13: 0.0, m21: 0.0, m22: 0.0, m23: 0.0, m31: 0.0, m32: 0.0, m33: 0.0)

6
355828.116264958
normal
simd_float4x4([[0.0077970843, -0.98770285, 0.15614824, 0.0], [0.99896073, 0.014706127, 0.043140423, 0.0], [-0.04490625, 0.15564962, 0.98679096, 0.0], [0.04107873, 0.02148236, 0.12564985, 0.99999994]])
0.04107873, 0.02148236, 0.12564985
SIMD3<Float>(-0.15628505, -0.045475986, -1.5559082)
0.00000000
CMRotationMatrix(m11: 0.0, m12: 0.0, m13: 0.0, m21: 0.0, m22: 0.0, m23: 0.0, m31: 0.0, m32: 0.0, m33: 0.0)

7
355828.232911875
normal
simd_float4x4([[0.0044257673, -0.98398125, 0.17821705, 0.0], [0.9969537, 0.018219529, 0.07583668, 0.0], [-0.0778689, 0.17733854, 0.98106444, 0.0], [0.049166866, 0.013601179, 0.11185346, 0.99999994]])
0.049166866, 0.013601179, 0.11185346
SIMD3<Float>(-0.17828147, -0.0792058, -1.5522823)
0.00000000
CMRotationMatrix(m11: 0.0, m12: 0.0, m13: 0.0, m21: 0.0, m22: 0.0, m23: 0.0, m31: 0.0, m32: 0.0, m33: 0.0)

8
355828.349558791
normal
simd_float4x4([[0.012845408, -0.9813321, 0.19189121, 0.0], [0.9967796, 0.027758462, 0.075231306, 0.0], [-0.0791535, 0.1903069, 0.9785285, 0.0], [0.061081022, 0.00071300135, 0.092352204, 0.99999994]])
0.061081022, 0.00071300135, 0.092352204
SIMD3<Float>(-0.19147475, -0.0807146, -1.5425173)
0.00000000
CMRotationMatrix(m11: 0.0, m12: 0.0, m13: 0.0, m21: 0.0, m22: 0.0, m23: 0.0, m31: 0.0, m32: 0.0, m33: 0.0)

9
355828.466205916
normal
simd_float4x4([[0.0063226745, -0.98014134, 0.19819905, 0.0], [0.9979287, 0.018873116, 0.06149748, 0.0], [-0.064016856, 0.1973997, 0.97823054, 0.0], [0.071727924, -0.008649089, 0.06850433, 1.0]])
0.071727924, -0.008649089, 0.06850433
SIMD3<Float>(-0.19870472, -0.065348305, -1.5515432)
0.00000000
CMRotationMatrix(m11: 0.0, m12: 0.0, m13: 0.0, m21: 0.0, m22: 0.0, m23: 0.0, m31: 0.0, m32: 0.0, m33: 0.0)

10
355828.582853208
normal
simd_float4x4([[0.0057251547, -0.9807878, 0.19499338, 0.0], [0.9991774, 0.0134391645, 0.038260397, 0.0], [-0.040145878, 0.19461395, 0.98005795, 0.0], [0.077296235, -0.01332401, 0.034017947, 0.99999994]])
0.077296235, -0.01332401, 0.034017947
SIMD3<Float>(-0.19586386, -0.04093987, -1.5570948)
0.00000000
CMRotationMatrix(m11: 0.0, m12: 0.0, m13: 0.0, m21: 0.0, m22: 0.0, m23: 0.0, m31: 0.0, m32: 0.0, m33: 0.0)

11
355828.699499875
normal
simd_float4x4([[6.928528e-05, -0.97557884, 0.21964906, 0.0], [0.9999264, 0.0027294576, 0.011807566, 0.0], [-0.012118738, 0.21963213, 0.9755073, 0.0], [0.08783649, -0.01704393, -0.017296135, 0.9999999]])
0.08783649, -0.01704393, -0.017296135
SIMD3<Float>(-0.22143738, -0.012422372, -1.5679985)
0.00000000
CMRotationMatrix(m11: 0.0, m12: 0.0, m13: 0.0, m21: 0.0, m22: 0.0, m23: 0.0, m31: 0.0, m32: 0.0, m33: 0.0)

12
355828.816147125
normal
simd_float4x4([[-0.007149361, -0.9748741, 0.22264196, 0.0], [0.99997425, -0.006828407, 0.0022113516, 0.0], [-0.00063549925, 0.22265202, 0.97489774, 0.0], [0.08829924, -0.026588188, -0.08510923, 1.0]])
0.08829924, -0.026588188, -0.08510923
SIMD3<Float>(-0.22453393, -0.00065186236, -1.5778006)
0.00000000
CMRotationMatrix(m11: 0.0, m12: 0.0, m13: 0.0, m21: 0.0, m22: 0.0, m23: 0.0, m31: 0.0, m32: 0.0, m33: 0.0)

13
355828.932794166
normal
simd_float4x4([[0.00407887, -0.97935873, 0.20208849, 0.0], [0.9998722, 0.0071179206, 0.014313775, 0.0], [-0.015456772, 0.20200428, 0.97926265, 0.0], [0.07917128, -0.032156877, -0.16708085, 1.0]])
0.07917128, -0.032156877, -0.16708085
SIMD3<Float>(-0.20340396, -0.015782783, -1.5635285)
0.00000000
CMRotationMatrix(m11: 0.0, m12: 0.0, m13: 0.0, m21: 0.0, m22: 0.0, m23: 0.0, m31: 0.0, m32: 0.0, m33: 0.0)

14
355829.049441166
normal
simd_float4x4([[0.008638346, -0.9857703, 0.16787614, 0.0], [0.99980617, 0.01148451, 0.015990466, 0.0], [-0.017690895, 0.16770548, 0.9856783, 0.0], [0.068614945, -0.021116102, -0.25969583, 1.0]])
0.068614945, -0.021116102, -0.25969583
SIMD3<Float>(-0.16850172, -0.017946012, -1.5591465)
0.00000000
CMRotationMatrix(m11: 0.0, m12: 0.0, m13: 0.0, m21: 0.0, m22: 0.0, m23: 0.0, m31: 0.0, m32: 0.0, m33: 0.0)

15
355829.166088208
normal
simd_float4x4([[-0.0105871465, -0.9838555, 0.17865114, 0.0], [0.9998518, -0.012840819, -0.011463304, 0.0], [0.013572263, 0.17850332, 0.98384565, 0.0], [0.055733316, -0.0051414836, -0.3600724, 1.0]])
0.055733316, -0.0051414836, -0.3600724
SIMD3<Float>(-0.17946513, 0.013794239, -1.5838472)
0.00000000
CMRotationMatrix(m11: 0.0, m12: 0.0, m13: 0.0, m21: 0.0, m22: 0.0, m23: 0.0, m31: 0.0, m32: 0.0, m33: 0.0)

16
355829.282735333
normal
simd_float4x4([[-0.010190794, -0.9858687, 0.16720934, 0.0], [0.9997085, -0.01370477, -0.019874962, 0.0], [0.021885667, 0.16695806, 0.98572093, 0.0], [0.045407686, -0.0009734531, -0.45349157, 0.9999999]])
0.045407686, -0.0009734531, -0.45349157
SIMD3<Float>(-0.16774362, 0.022199053, -1.5846967)
0.00000000
CMRotationMatrix(m11: 0.0, m12: 0.0, m13: 0.0, m21: 0.0, m22: 0.0, m23: 0.0, m31: 0.0, m32: 0.0, m33: 0.0)

17
355829.399382458
normal
simd_float4x4([[-0.026899533, -0.98051083, 0.19461465, 0.0], [0.9991221, -0.032625705, -0.026277259, 0.0], [0.032114565, 0.19373697, 0.9805277, 0.0], [0.03868634, -0.008689413, -0.5602076, 0.99999994]])
0.03868634, -0.008689413, -0.5602076
SIMD3<Float>(-0.19496986, 0.032740626, -1.6040583)
0.00000000
CMRotationMatrix(m11: 0.0, m12: 0.0, m13: 0.0, m21: 0.0, m22: 0.0, m23: 0.0, m31: 0.0, m32: 0.0, m33: 0.0)

18
355829.516029375
normal
simd_float4x4([[-0.03332282, -0.9783584, 0.20421691, 0.0], [0.9990906, -0.03804589, -0.019244222, 0.0], [0.026597353, 0.20338994, 0.97873646, 0.0], [0.036682516, -0.025573896, -0.6839069, 1.0]])
0.036682516, -0.025573896, -0.6839069
SIMD3<Float>(-0.204819, 0.027168507, -1.6096642)
0.00000000
CMRotationMatrix(m11: 0.0, m12: 0.0, m13: 0.0, m21: 0.0, m22: 0.0, m23: 0.0, m31: 0.0, m32: 0.0, m33: 0.0)

19
355829.632676583
normal
simd_float4x4([[-0.020983152, -0.981693, 0.18931052, 0.0], [0.9994412, -0.025523987, -0.021579843, 0.0], [0.026016735, 0.18875194, 0.9816801, 0.0], [0.041559167, -0.033294126, -0.8223774, 0.99999994]])
0.041559167, -0.033294126, -0.8223774
SIMD3<Float>(-0.18989109, 0.02649605, -1.5967904)
0.00000000
CMRotationMatrix(m11: 0.0, m12: 0.0, m13: 0.0, m21: 0.0, m22: 0.0, m23: 0.0, m31: 0.0, m32: 0.0, m33: 0.0)

20
355829.749323625
normal
simd_float4x4([[-0.007574981, -0.99003625, 0.14060816, 0.0], [0.9986245, -0.014784615, -0.050301068, 0.0], [0.051878706, 0.14003375, 0.9887866, 0.0], [0.04895067, -0.0151185915, -0.9601538, 1.0]])
0.04895067, -0.0151185915, -0.9601538
SIMD3<Float>(-0.14049551, 0.052418977, -1.5857286)
0.00000000
CMRotationMatrix(m11: 0.0, m12: 0.0, m13: 0.0, m21: 0.0, m22: 0.0, m23: 0.0, m31: 0.0, m32: 0.0, m33: 0.0)

21
355829.865970583
normal
simd_float4x4([[-0.008841169, -0.9904769, 0.13739465, 0.0], [0.997423, -0.018517924, -0.06931264, 0.0], [0.07119684, 0.13642782, 0.9880882, 0.0], [0.051813524, 0.002357497, -1.0992402, 0.99999994]])
0.051813524, 0.002357497, -1.0992402
SIMD3<Float>(-0.13685462, 0.07193083, -1.5894902)
0.00000000
CMRotationMatrix(m11: 0.0, m12: 0.0, m13: 0.0, m21: 0.0, m22: 0.0, m23: 0.0, m31: 0.0, m32: 0.0, m33: 0.0)

22
355829.982617583
normal
simd_float4x4([[-0.004674863, -0.9862049, 0.16546236, 0.0], [0.99672467, -0.017953983, -0.07885031, 0.0], [0.08073327, 0.16455181, 0.98305875, 0.0], [0.045975022, 0.0047487877, -1.2354394, 0.9999998]])
0.045975022, 0.0047487877, -1.2354394
SIMD3<Float>(-0.1653036, 0.08194068, -1.5889994)
0.00000000
CMRotationMatrix(m11: 0.0, m12: 0.0, m13: 0.0, m21: 0.0, m22: 0.0, m23: 0.0, m31: 0.0, m32: 0.0, m33: 0.0)

23
355830.099264708
normal
simd_float4x4([[-0.0020535477, -0.9876551, 0.156631, 0.0], [0.995716, -0.016498785, -0.09098043, 0.0], [0.092441514, 0.15577315, 0.9834577, 0.0], [0.037857894, -0.008382501, -1.3701193, 1.0]])
0.037857894, -0.008382501, -1.3701193
SIMD3<Float>(-0.15641011, 0.09372106, -1.5874997)
0.00000000
CMRotationMatrix(m11: 0.0, m12: 0.0, m13: 0.0, m21: 0.0, m22: 0.0, m23: 0.0, m31: 0.0, m32: 0.0, m33: 0.0)

24
355830.215911958
normal
simd_float4x4([[-0.0014480908, -0.9877825, 0.15583223, 0.0], [0.9983071, -0.01048859, -0.05720772, 0.0], [0.058143236, 0.1554856, 0.98612547, 0.0], [0.027613144, -0.022049945, -1.5166229, 1.0]])
0.027613144, -0.022049945, -1.5166229
SIMD3<Float>(-0.15611902, 0.058893114, -1.5814142)
0.00000000
CMRotationMatrix(m11: 0.0, m12: 0.0, m13: 0.0, m21: 0.0, m22: 0.0, m23: 0.0, m31: 0.0, m32: 0.0, m33: 0.0)

25
355830.332558708
normal
simd_float4x4([[0.001305848, -0.9882215, 0.15302461, 0.0], [0.999999, 0.0013677863, 0.00029948825, 0.0], [-0.0005052643, 0.15302409, 0.9882223, 0.0], [0.017450817, -0.013677267, -1.6589756, 1.0]])
0.017450817, -0.013677267, -1.6589756
SIMD3<Float>(-0.15362768, -0.0005112861, -1.5694122)
0.00000000
CMRotationMatrix(m11: 0.0, m12: 0.0, m13: 0.0, m21: 0.0, m22: 0.0, m23: 0.0, m31: 0.0, m32: 0.0, m33: 0.0)

26
355830.449205875
normal
simd_float4x4([[-0.017660601, -0.9833795, 0.18070114, 0.0], [0.99970394, -0.01434283, 0.019650837, 0.0], [-0.016732462, 0.18099472, 0.9833417, 0.0], [0.017001498, -0.0005228594, -1.7952735, 1.0]])
0.017001498, -0.0005228594, -1.7952735
SIMD3<Float>(-0.18199778, -0.017014276, -1.5853806)
0.00000000
CMRotationMatrix(m11: 0.0, m12: 0.0, m13: 0.0, m21: 0.0, m22: 0.0, m23: 0.0, m31: 0.0, m32: 0.0, m33: 0.0)

27
355830.565853
normal
simd_float4x4([[-0.03545077, -0.9854723, 0.16609485, 0.0], [0.9992395, -0.032254077, 0.021905044, 0.0], [-0.016229581, 0.16674513, 0.98586637, 0.0], [0.01855201, 0.0055438224, -1.925173, 1.0]])
0.01855201, 0.0055438224, -1.925173
SIMD3<Float>(-0.16752765, -0.016460765, -1.6035142)
0.00000000
CMRotationMatrix(m11: 0.0, m12: 0.0, m13: 0.0, m21: 0.0, m22: 0.0, m23: 0.0, m31: 0.0, m32: 0.0, m33: 0.0)

28
355830.682500083
normal
simd_float4x4([[-0.045644335, -0.98901147, 0.14061643, 0.0], [0.9986653, -0.041771017, 0.03037628, 0.0], [-0.024168793, 0.14181527, 0.989598, 0.0], [0.023500793, -0.0015537372, -2.0609353, 0.99999994]])
0.023500793, -0.0015537372, -2.0609353
SIMD3<Float>(-0.14229499, -0.024417985, -1.6130064)
0.00000000
CMRotationMatrix(m11: 0.0, m12: 0.0, m13: 0.0, m21: 0.0, m22: 0.0, m23: 0.0, m31: 0.0, m32: 0.0, m33: 0.0)

29
355830.799147083
normal
simd_float4x4([[-0.025193248, -0.99432117, 0.103395626, 0.0], [0.9995086, -0.023124663, 0.021156859, 0.0], [-0.01864572, 0.10387784, 0.9944152, 0.0], [0.03184659, -0.006112019, -2.2066243, 0.99999994]])
0.03184659, -0.006112019, -2.2066243
SIMD3<Float>(-0.104065575, -0.01874824, -1.5940489)
0.00000000
CMRotationMatrix(m11: 0.0, m12: 0.0, m13: 0.0, m21: 0.0, m22: 0.0, m23: 0.0, m31: 0.0, m32: 0.0, m33: 0.0)

30
355830.915794
normal
simd_float4x4([[0.011088467, -0.9952809, 0.09639995, 0.0], [0.9999303, 0.01142477, 0.002937328, 0.0], [-0.0040248153, 0.09636068, 0.9953383, 0.0], [0.045758687, 0.006313536, -2.3531299, 1.0000001]])
0.045758687, 0.006313536, -2.3531299
SIMD3<Float>(-0.09651043, -0.0040436434, -1.559318)
0.00000000
CMRotationMatrix(m11: 0.0, m12: 0.0, m13: 0.0, m21: 0.0, m22: 0.0, m23: 0.0, m31: 0.0, m32: 0.0, m33: 0.0)

31
355831.032441333
normal
simd_float4x4([[0.02263315, -0.99305534, 0.1154503, 0.0], [0.999539, 0.020140069, -0.02271554, 0.0], [0.020232609, 0.11591122, 0.9930535, 0.0], [0.05592703, 0.013931872, -2.4939725, 1.0]])
0.05592703, 0.013931872, -2.4939725
SIMD3<Float>(-0.11617236, 0.02037132, -1.5505182)
0.00000000
CMRotationMatrix(m11: 0.0, m12: 0.0, m13: 0.0, m21: 0.0, m22: 0.0, m23: 0.0, m31: 0.0, m32: 0.0, m33: 0.0)

32
355831.149088125
normal
simd_float4x4([[0.018685743, -0.9883088, 0.15131608, 0.0], [0.9991256, 0.0127961105, -0.039803416, 0.0], [0.03740181, 0.15192755, 0.98768365, 0.0], [0.057601854, 0.010068402, -2.6336675, 1.0]])
0.057601854, 0.010068402, -2.6336675
SIMD3<Float>(-0.15251817, 0.037850123, -1.5578495)
0.00000000
CMRotationMatrix(m11: 0.0, m12: 0.0, m13: 0.0, m21: 0.0, m22: 0.0, m23: 0.0, m31: 0.0, m32: 0.0, m33: 0.0)

33
355831.265735166
normal
simd_float4x4([[0.009683323, -0.9904619, 0.13744633, 0.0], [0.998552, 0.0023041475, -0.05374557, 0.0], [0.052916244, 0.13776775, 0.9890499, 0.0], [0.054631043, -0.0052545816, -2.7723374, 1.0]])
0.054631043, -0.0052545816, -2.7723374
SIMD3<Float>(-0.13820732, 0.053451136, -1.56847)
0.00000000
CMRotationMatrix(m11: 0.0, m12: 0.0, m13: 0.0, m21: 0.0, m22: 0.0, m23: 0.0, m31: 0.0, m32: 0.0, m33: 0.0)

34
355831.382382291
normal
simd_float4x4([[0.0059416066, -0.9897496, 0.14268921, 0.0], [0.99893486, -0.00065421936, -0.046133786, 0.0], [0.045754246, 0.14281134, 0.9886916, 0.0], [0.045187674, -0.014770091, -2.9213033, 0.9999999]])
0.045187674, -0.014770091, -2.9213033
SIMD3<Float>(-0.1433013, 0.046244577, -1.5714573)
0.00000000
CMRotationMatrix(m11: 0.0, m12: 0.0, m13: 0.0, m21: 0.0, m22: 0.0, m23: 0.0, m31: 0.0, m32: 0.0, m33: 0.0)

35
355831.499029458
normal
simd_float4x4([[0.018374233, -0.9836458, 0.17917399, 0.0], [0.99952775, 0.013657055, -0.027525496, 0.0], [0.024628354, 0.17959513, 0.9834322, 0.0], [0.038036484, -0.0013738541, -3.0640726, 0.99999994]])
0.038036484, -0.0013738541, -3.0640726
SIMD3<Float>(-0.18057488, 0.025038034, -1.5569131)
0.00000000
CMRotationMatrix(m11: 0.0, m12: 0.0, m13: 0.0, m21: 0.0, m22: 0.0, m23: 0.0, m31: 0.0, m32: 0.0, m33: 0.0)

36
355831.61567625
normal
simd_float4x4([[0.013883673, -0.9805429, 0.19581324, 0.0], [0.99987113, 0.01203797, -0.0106128575, 0.0], [0.008049171, 0.19593535, 0.9805837, 0.0], [0.040495902, 0.008836492, -3.1955528, 0.99999994]])
0.040495902, 0.008836492, -3.1955528
SIMD3<Float>(-0.1972112, 0.008208366, -1.5585201)
0.00000000
CMRotationMatrix(m11: 0.0, m12: 0.0, m13: 0.0, m21: 0.0, m22: 0.0, m23: 0.0, m31: 0.0, m32: 0.0, m33: 0.0)

37
355831.732323333
normal
simd_float4x4([[-0.017753568, -0.9786217, 0.20490046, 0.0], [0.99972, -0.014168964, 0.01894843, 0.0], [-0.01564012, 0.20517948, 0.9785993, 0.0], [0.048062902, 0.007843991, -3.3260117, 0.9999999]])
0.048062902, 0.007843991, -3.3260117
SIMD3<Float>(-0.20664708, -0.015980788, -1.5852739)
0.00000000
CMRotationMatrix(m11: 0.0, m12: 0.0, m13: 0.0, m21: 0.0, m22: 0.0, m23: 0.0, m31: 0.0, m32: 0.0, m33: 0.0)

38
355831.848970375
normal
simd_float4x4([[-0.033998452, -0.98368895, 0.1766355, 0.0], [0.99906224, -0.028710408, 0.032408297, 0.0], [-0.026808409, 0.17757171, 0.9837426, 0.0], [0.060970433, -0.0024971727, -3.4644563, 0.99999994]])
0.060970433, -0.0024971727, -3.4644563
SIMD3<Float>(-0.1785184, -0.027244704, -1.5999745)
0.00000000
CMRotationMatrix(m11: 0.0, m12: 0.0, m13: 0.0, m21: 0.0, m22: 0.0, m23: 0.0, m31: 0.0, m32: 0.0, m33: 0.0)

39
355831.965617416
normal
simd_float4x4([[-0.016205171, -0.99151456, 0.12898198, 0.0], [0.9996519, -0.013380662, 0.022735039, 0.0], [-0.020816261, 0.12930553, 0.99138623, 0.0], [0.07481334, 0.0010588914, -3.6113644, 1.0]])
0.07481334, 0.0010588914, -3.6113644
SIMD3<Float>(-0.1296686, -0.020994041, -1.5842906)
0.00000000
CMRotationMatrix(m11: 0.0, m12: 0.0, m13: 0.0, m21: 0.0, m22: 0.0, m23: 0.0, m31: 0.0, m32: 0.0, m33: 0.0)

40
355832.082264333
normal
simd_float4x4([[-0.0029470995, -0.99414206, 0.108040445, 0.0], [0.99994516, -0.0040138876, -0.009657833, 0.0], [0.01003492, 0.10800608, 0.99409956, 0.0], [0.088378415, 0.021543307, -3.754996, 1.0]])
0.088378415, 0.021543307, -3.754996
SIMD3<Float>(-0.10821718, 0.010094139, -1.5748339)
0.00000000
CMRotationMatrix(m11: 0.0, m12: 0.0, m13: 0.0, m21: 0.0, m22: 0.0, m23: 0.0, m31: 0.0, m32: 0.0, m33: 0.0)

41
355832.198911375
normal
simd_float4x4([[0.007646957, -0.9906115, 0.13649277, 0.0], [0.9997344, 0.0046070716, -0.022573423, 0.0], [0.02173266, 0.13662916, 0.99038374, 0.0], [0.0927757, 0.02736492, -3.9003751, 0.9999999]])
0.0927757, 0.02736492, -3.9003751
SIMD3<Float>(-0.13705787, 0.021940155, -1.5661457)
0.00000000
CMRotationMatrix(m11: 0.0, m12: 0.0, m13: 0.0, m21: 0.0, m22: 0.0, m23: 0.0, m31: 0.0, m32: 0.0, m33: 0.0)

42
355832.3155585
normal
simd_float4x4([[0.007072817, -0.98965234, 0.14331177, 0.0], [0.9986424, -0.00040566604, -0.05208701, 0.0], [0.051606167, 0.14348564, 0.9883059, 0.0], [0.09287768, 0.0184645, -4.041684, 1.0]])
0.09287768, 0.0184645, -4.041684
SIMD3<Float>(-0.1439826, 0.052169412, -1.5712062)
0.00000000
CMRotationMatrix(m11: 0.0, m12: 0.0, m13: 0.0, m21: 0.0, m22: 0.0, m23: 0.0, m31: 0.0, m32: 0.0, m33: 0.0)

43
355832.432205375
normal
simd_float4x4([[-0.00111434, -0.98858094, 0.15068676, 0.0], [0.9976848, -0.011345517, -0.06705433, 0.0], [0.06799827, 0.15026318, 0.9863048, 0.0], [0.08764494, -0.0031633694, -4.195361, 1.0]])
0.08764494, -0.0031633694, -4.195361
SIMD3<Float>(-0.15083447, 0.06883353, -1.5822724)
0.00000000
CMRotationMatrix(m11: 0.0, m12: 0.0, m13: 0.0, m21: 0.0, m22: 0.0, m23: 0.0, m31: 0.0, m32: 0.0, m33: 0.0)

44
355832.548852333
normal
simd_float4x4([[-0.035691775, -0.9798641, 0.19644926, 0.0], [0.9971768, -0.0479133, -0.05781398, 0.0], [0.066062376, 0.19383119, 0.97880787, 0.0], [0.080985844, -0.0055459314, -4.3575315, 0.9999999]])
0.080985844, -0.0055459314, -4.3575315
SIMD3<Float>(-0.1950659, 0.06739049, -1.6196554)
0.00000000
CMRotationMatrix(m11: 0.0, m12: 0.0, m13: 0.0, m21: 0.0, m22: 0.0, m23: 0.0, m31: 0.0, m32: 0.0, m33: 0.0)

45
355832.665499333
normal
simd_float4x4([[-0.023749504, -0.9810525, 0.19228087, 0.0], [0.9984199, -0.03307376, -0.045428943, 0.0], [0.05092762, 0.19089815, 0.98028785, 0.0], [0.07847498, 0.012963323, -4.49689, 1.0]])
0.07847498, 0.012963323, -4.49689
SIMD3<Float>(-0.19207704, 0.051905036, -1.6044961)
0.00000000
CMRotationMatrix(m11: 0.0, m12: 0.0, m13: 0.0, m21: 0.0, m22: 0.0, m23: 0.0, m31: 0.0, m32: 0.0, m33: 0.0)

46
355832.782146333
normal
simd_float4x4([[-0.03364387, -0.9815139, 0.1884107, 0.0], [0.998998, -0.038593017, -0.022660187, 0.0], [0.02951262, 0.18745954, 0.9818288, 0.0], [0.080725625, 0.021108272, -4.6277237, 1.0]])
0.080725625, 0.021108272, -4.6277237
SIMD3<Float>(-0.1885752, 0.030049777, -1.610096)
0.00000000
CMRotationMatrix(m11: 0.0, m12: 0.0, m13: 0.0, m21: 0.0, m22: 0.0, m23: 0.0, m31: 0.0, m32: 0.0, m33: 0.0)

47
355832.898793375
normal
simd_float4x4([[-0.04023379, -0.9838125, 0.17462611, 0.0], [0.99900186, -0.04300035, -0.0120866485, 0.0], [0.019399978, 0.17396553, 0.9845606, 0.0], [0.08416198, 0.011873653, -4.7618427, 1.0]])
0.08416198, 0.011873653, -4.7618427
SIMD3<Float>(-0.17485519, 0.01970165, -1.6144764)
0.00000000
CMRotationMatrix(m11: 0.0, m12: 0.0, m13: 0.0, m21: 0.0, m22: 0.0, m23: 0.0, m31: 0.0, m32: 0.0, m33: 0.0)

48
355833.01544025
normal
simd_float4x4([[-0.042770132, -0.987241, 0.15338153, 0.0], [0.9989121, -0.04511078, -0.011811122, 0.0], [0.018579587, 0.15270951, 0.9880964, 0.0], [0.09795633, 0.0009523351, -4.9062557, 1.0]])
0.09795633, 0.0009523351, -4.9062557
SIMD3<Float>(-0.15330936, 0.0188012, -1.6164583)
0.00000000
CMRotationMatrix(m11: 0.0, m12: 0.0, m13: 0.0, m21: 0.0, m22: 0.0, m23: 0.0, m31: 0.0, m32: 0.0, m33: 0.0)

49
355833.132087166
normal
simd_float4x4([[-0.008487549, -0.99316984, 0.11636816, 0.0], [0.9996952, -0.011125665, -0.022039657, 0.0], [0.023183785, 0.11614563, 0.9929615, 0.0], [0.11414624, 0.009354342, -5.0512495, 1.0]])
0.11414624, 0.009354342, -5.0512495
SIMD3<Float>(-0.11640836, 0.02334388, -1.581998)
0.00000000
CMRotationMatrix(m11: 0.0, m12: 0.0, m13: 0.0, m21: 0.0, m22: 0.0, m23: 0.0, m31: 0.0, m32: 0.0, m33: 0.0)

50
355833.248734333
normal
simd_float4x4([[0.010193688, -0.9931535, 0.11637087, 0.0], [0.99813616, 0.003103524, -0.060946636, 0.0], [0.060168207, 0.11677525, 0.991334, 0.0], [0.12678616, 0.021524474, -5.191845, 0.99999994]])
0.12678616, 0.021524474, -5.191845
SIMD3<Float>(-0.117042296, 0.060619816, -1.5676714)
0.00000000
CMRotationMatrix(m11: 0.0, m12: 0.0, m13: 0.0, m21: 0.0, m22: 0.0, m23: 0.0, m31: 0.0, m32: 0.0, m33: 0.0)

51
355833.365381166
normal
simd_float4x4([[0.01194114, -0.9887072, 0.14938347, 0.0], [0.99731123, 0.00097381714, -0.07327591, 0.0], [0.07230295, 0.14985684, 0.98606044, 0.0], [0.13478357, 0.02113718, -5.329917, 1.0]])
0.13478357, 0.02113718, -5.329917
SIMD3<Float>(-0.15042347, 0.07319408, -1.5698113)
0.00000000
CMRotationMatrix(m11: 0.0, m12: 0.0, m13: 0.0, m21: 0.0, m22: 0.0, m23: 0.0, m31: 0.0, m32: 0.0, m33: 0.0)

52
355833.482027958
normal
simd_float4x4([[0.006845994, -0.9879505, 0.15461865, 0.0], [0.9970644, -0.005047721, -0.07639956, 0.0], [0.07625945, 0.15468779, 0.98501575, 0.0], [0.14127532, 0.008123214, -5.4652877, 0.99999994]])
0.14127532, 0.008123214, -5.4652877
SIMD3<Float>(-0.15531144, 0.0772654, -1.5759056)
0.00000000
CMRotationMatrix(m11: 0.0, m12: 0.0, m13: 0.0, m21: 0.0, m22: 0.0, m23: 0.0, m31: 0.0, m32: 0.0, m33: 0.0)

53
355833.598674958
normal
simd_float4x4([[-0.011971726, -0.9899487, 0.1409194, 0.0], [0.9980986, -0.020352272, -0.05818035, 0.0], [0.060463596, 0.13995497, 0.98831004, 0.0], [0.14595573, -0.004463941, -5.605687, 1.0]])
0.14595573, -0.004463941, -5.605687
SIMD3<Float>(-0.14041594, 0.061102618, -1.5913523)
0.00000000
CMRotationMatrix(m11: 0.0, m12: 0.0, m13: 0.0, m21: 0.0, m22: 0.0, m23: 0.0, m31: 0.0, m32: 0.0, m33: 0.0)

54
355833.715321916
normal
simd_float4x4([[-0.023133893, -0.9869174, 0.15955849, 0.0], [0.9993896, -0.027008513, -0.0221574, 0.0], [0.026176956, 0.15894851, 0.9869397, 0.0], [0.1471107, 0.00019981274, -5.749211, 1.0000001]])
0.1471107, 0.00019981274, -5.749211
SIMD3<Float>(-0.15962553, 0.026517142, -1.5981561)
0.00000000
CMRotationMatrix(m11: 0.0, m12: 0.0, m13: 0.0, m21: 0.0, m22: 0.0, m23: 0.0, m31: 0.0, m32: 0.0, m33: 0.0)

55
355833.831968916
normal
simd_float4x4([[-0.021744775, -0.9851544, 0.17028753, 0.0], [0.9995735, -0.024742417, -0.015500828, 0.0], [0.019484036, 0.16987789, 0.9852723, 0.0], [0.15446846, 0.013770756, -5.8817716, 0.9999999]])
0.15446846, 0.013770756, -5.8817716
SIMD3<Float>(-0.17070575, 0.019772703, -1.5959063)
0.00000000
CMRotationMatrix(m11: 0.0, m12: 0.0, m13: 0.0, m21: 0.0, m22: 0.0, m23: 0.0, m31: 0.0, m32: 0.0, m33: 0.0)

56
355833.94861575
normal
simd_float4x4([[-0.03648392, -0.98443735, 0.17190683, 0.0], [0.9993244, -0.03517646, 0.010646763, 0.0], [-0.004434, 0.17217916, 0.9850557, 0.0], [0.1652794, 0.01460403, -6.0118675, 1.0]])
0.1652794, 0.01460403, -6.0118675
SIMD3<Float>(-0.17304145, -0.0045012375, -1.6065137)
0.00000000
CMRotationMatrix(m11: 0.0, m12: 0.0, m13: 0.0, m21: 0.0, m22: 0.0, m23: 0.0, m31: 0.0, m32: 0.0, m33: 0.0)

57
355834.065262791
normal
simd_float4x4([[-0.05032626, -0.98517674, 0.1639942, 0.0], [0.99849087, -0.04601689, 0.029973872, 0.0], [-0.021983057, 0.16525519, 0.9860058, 0.0], [0.18136792, 0.0024637703, -6.155314, 1.0000001]])
0.18136792, 0.0024637703, -6.155314
SIMD3<Float>(-0.16601676, -0.022291366, -1.6174717)
0.00000000
CMRotationMatrix(m11: 0.0, m12: 0.0, m13: 0.0, m21: 0.0, m22: 0.0, m23: 0.0, m31: 0.0, m32: 0.0, m33: 0.0)

58
355834.181909583
normal
simd_float4x4([[-0.03191231, -0.9907432, 0.1319451, 0.0], [0.9992443, -0.028694255, 0.026219672, 0.0], [-0.022190891, 0.13268213, 0.99091023, 0.0], [0.19884539, -0.0021969844, -6.3036575, 1.0]])
0.19884539, -0.0021969844, -6.3036575
SIMD3<Float>(-0.13307455, -0.022390708, -1.5997506)
0.00000000
CMRotationMatrix(m11: 0.0, m12: 0.0, m13: 0.0, m21: 0.0, m22: 0.0, m23: 0.0, m31: 0.0, m32: 0.0, m33: 0.0)

59
355834.298556458
normal
simd_float4x4([[-0.0020552913, -0.9896377, 0.14357243, 0.0], [0.99999446, -0.0016598084, 0.0028743048, 0.0], [-0.0026062175, 0.14357758, 0.98963565, 0.0], [0.21308172, 0.011083206, -6.4523087, 1.0]])
0.21308172, 0.011083206, -6.4523087
SIMD3<Float>(-0.14407551, -0.002633506, -1.5724735)
0.00000000
CMRotationMatrix(m11: 0.0, m12: 0.0, m13: 0.0, m21: 0.0, m22: 0.0, m23: 0.0, m31: 0.0, m32: 0.0, m33: 0.0)

60
355834.415203458
normal
simd_float4x4([[0.012304552, -0.990988, 0.13338406, 0.0], [0.9996856, 0.009277519, -0.023291938, 0.0], [0.021844558, 0.13362874, 0.9907906, 0.0], [0.22042467, 0.026671087, -6.59037, 1.0]])
0.22042467, 0.026671087, -6.59037
SIMD3<Float>(-0.13402967, 0.022044033, -1.5614347)
0.00000000
CMRotationMatrix(m11: 0.0, m12: 0.0, m13: 0.0, m21: 0.0, m22: 0.0, m23: 0.0, m31: 0.0, m32: 0.0, m33: 0.0)

61
355834.531850333
normal
simd_float4x4([[-0.007022663, -0.9906311, 0.13638376, 0.0], [0.99787056, -0.015786301, -0.06328239, 0.0], [0.064842515, 0.13564895, 0.9886326, 0.0], [0.22499062, 0.025454517, -6.7256413, 0.9999999]])
0.22499062, 0.025454517, -6.7256413
SIMD3<Float>(-0.13606843, 0.06549428, -1.5867306)
0.00000000
CMRotationMatrix(m11: 0.0, m12: 0.0, m13: 0.0, m21: 0.0, m22: 0.0, m23: 0.0, m31: 0.0, m32: 0.0, m33: 0.0)

62
355834.648497291
normal
simd_float4x4([[0.0016039555, -0.99199736, 0.12624888, 0.0], [0.9960042, -0.009688347, -0.08877988, 0.0], [0.08929254, 0.12588681, 0.9880179, 0.0], [0.21948016, 0.0058552674, -6.8702035, 1.0000001]])
0.21948016, 0.0058552674, -6.8702035
SIMD3<Float>(-0.1262217, 0.090130575, -1.5805625)
0.00000000
CMRotationMatrix(m11: 0.0, m12: 0.0, m13: 0.0, m21: 0.0, m22: 0.0, m23: 0.0, m31: 0.0, m32: 0.0, m33: 0.0)

63
355834.765144166
normal
simd_float4x4([[0.0046771644, -0.99149054, 0.1300945, 0.0], [0.9961159, -0.006819472, -0.08778573, 0.0], [0.08792588, 0.1299998, 0.98760766, 0.0], [0.21301457, -0.0046774284, -7.021578, 0.99999994]])
0.21301457, -0.0046774284, -7.021578
SIMD3<Float>(-0.13036878, 0.08879505, -1.5776743)
0.00000000
CMRotationMatrix(m11: 0.0, m12: 0.0, m13: 0.0, m21: 0.0, m22: 0.0, m23: 0.0, m31: 0.0, m32: 0.0, m33: 0.0)

64
355834.881790916
normal
simd_float4x4([[0.001178748, -0.98776096, 0.1559707, 0.0], [0.9967653, -0.011372983, -0.07955805, 0.0], [0.080358185, 0.15555996, 0.98455244, 0.0], [0.21173403, 0.001505902, -7.1662846, 1.0]])
0.21173403, 0.001505902, -7.1662846
SIMD3<Float>(-0.15619428, 0.08143848, -1.5823097)
0.00000000
CMRotationMatrix(m11: 0.0, m12: 0.0, m13: 0.0, m21: 0.0, m22: 0.0, m23: 0.0, m31: 0.0, m32: 0.0, m33: 0.0)

65
355834.998437916
normal
simd_float4x4([[-0.016530752, -0.98231214, 0.1865194, 0.0], [0.99710745, -0.030036595, -0.06981781, 0.0], [0.074185275, 0.18482575, 0.9799673, 0.0], [0.21627241, 0.010606391, -7.302438, 1.0]])
0.21627241, 0.010606391, -7.302438
SIMD3<Float>(-0.18589455, 0.07555767, -1.6013643)
0.00000000
CMRotationMatrix(m11: 0.0, m12: 0.0, m13: 0.0, m21: 0.0, m22: 0.0, m23: 0.0, m31: 0.0, m32: 0.0, m33: 0.0)

66
355835.115084708
normal
simd_float4x4([[-0.037349243, -0.9841887, 0.17314056, 0.0], [0.99746346, -0.047222365, -0.053258512, 0.0], [0.060592525, 0.17071225, 0.983456, 0.0], [0.22325075, 0.003624063, -7.442981, 1.0]])
0.22325075, 0.003624063, -7.442981
SIMD3<Float>(-0.17155248, 0.061534047, -1.6187406)
0.00000000
CMRotationMatrix(m11: 0.0, m12: 0.0, m13: 0.0, m21: 0.0, m22: 0.0, m23: 0.0, m31: 0.0, m32: 0.0, m33: 0.0)

67
355835.2317315
normal
simd_float4x4([[-0.039604127, -0.9872796, 0.15398146, 0.0], [0.9977311, -0.047469016, -0.04773897, 0.0], [0.05444106, 0.15174146, 0.9869197, 0.0], [0.23130605, -0.008691955, -7.592886, 0.9999999]])
0.23130605, -0.008691955, -7.592886
SIMD3<Float>(-0.15232989, 0.055106755, -1.61884)
0.00000000
CMRotationMatrix(m11: 0.0, m12: 0.0, m13: 0.0, m21: 0.0, m22: 0.0, m23: 0.0, m31: 0.0, m32: 0.0, m33: 0.0)

68
355835.348378541
normal
simd_float4x4([[-0.020208461, -0.9928663, 0.11750871, 0.0], [0.99756145, -0.027876778, -0.063984424, 0.0], [0.06680374, 0.11592913, 0.9910084, 0.0], [0.23898354, -0.0011057283, -7.7425337, 1.0000001]])
0.23898354, -0.0011057283, -7.7425337
SIMD3<Float>(-0.11619038, 0.06730803, -1.598866)
0.00000000
CMRotationMatrix(m11: 0.0, m12: 0.0, m13: 0.0, m21: 0.0, m22: 0.0, m23: 0.0, m31: 0.0, m32: 0.0, m33: 0.0)

69
355835.465025416
normal
simd_float4x4([[-0.0035764612, -0.9913849, 0.13093187, 0.0], [0.9964109, -0.014606309, -0.08337808, 0.0], [0.08457221, 0.13016374, 0.9878789, 0.0], [0.24339835, 0.016344884, -7.8947754, 1.0]])
0.24339835, 0.016344884, -7.8947754
SIMD3<Float>(-0.13053413, 0.08540166, -1.5855285)
0.00000000
CMRotationMatrix(m11: 0.0, m12: 0.0, m13: 0.0, m21: 0.0, m22: 0.0, m23: 0.0, m31: 0.0, m32: 0.0, m33: 0.0)

70
355835.581672375
normal
simd_float4x4([[-0.0022639579, -0.9885952, 0.15057999, 0.0], [0.996767, -0.014324616, -0.07905837, 0.0], [0.080313735, 0.14991418, 0.9854316, 0.0], [0.24181688, 0.024180299, -8.034252, 1.0]])
0.24181688, 0.024180299, -8.034252
SIMD3<Float>(-0.15048146, 0.08132134, -1.5852852)
0.00000000
CMRotationMatrix(m11: 0.0, m12: 0.0, m13: 0.0, m21: 0.0, m22: 0.0, m23: 0.0, m31: 0.0, m32: 0.0, m33: 0.0)

71
355835.698319125
normal
simd_float4x4([[-0.0046338746, -0.9882162, 0.15299356, 0.0], [0.9968426, -0.016692344, -0.07762678, 0.0], [0.07926588, 0.15215082, 0.98517346, 0.0], [0.23668279, 0.011317356, -8.177887, 1.0]])
0.23668279, 0.011317356, -8.177887
SIMD3<Float>(-0.15274407, 0.080285855, -1.5876861)
0.00000000
CMRotationMatrix(m11: 0.0, m12: 0.0, m13: 0.0, m21: 0.0, m22: 0.0, m23: 0.0, m31: 0.0, m32: 0.0, m33: 0.0)

72
355835.814965958
normal
simd_float4x4([[-0.008556151, -0.9899908, 0.14087257, 0.0], [0.9981082, -0.017032513, -0.059075136, 0.0], [0.06088325, 0.14010061, 0.98826367, 0.0], [0.22618431, -0.0044299923, -8.3243065, 1.0]])
0.22618431, -0.0044299923, -8.3243065
SIMD3<Float>(-0.14056303, 0.06152852, -1.5879993)
0.00000000
CMRotationMatrix(m11: 0.0, m12: 0.0, m13: 0.0, m21: 0.0, m22: 0.0, m23: 0.0, m31: 0.0, m32: 0.0, m33: 0.0)

73
355835.931612708
normal
simd_float4x4([[-0.017647937, -0.98965025, 0.14241098, 0.0], [0.9995654, -0.020826302, -0.020858547, 0.0], [0.023608562, 0.14198098, 0.9895877, 0.0], [0.21417446, -0.0047851726, -8.466883, 1.0]])
0.21417446, -0.0047851726, -8.466883
SIMD3<Float>(-0.14246237, 0.023852441, -1.5918373)
0.00000000
CMRotationMatrix(m11: 0.0, m12: 0.0, m13: 0.0, m21: 0.0, m22: 0.0, m23: 0.0, m31: 0.0, m32: 0.0, m33: 0.0)

74
355836.0482595
normal
simd_float4x4([[-0.020061823, -0.9869549, 0.15974207, 0.0], [0.99967545, -0.017293334, 0.018702477, 0.0], [-0.01569603, 0.16006546, 0.9869816, 0.0], [0.20888296, 0.0027735606, -8.604121, 1.0]])
0.20888296, 0.0027735606, -8.604121
SIMD3<Float>(-0.16075696, -0.015901722, -1.5883164)
0.00000000
CMRotationMatrix(m11: 0.0, m12: 0.0, m13: 0.0, m21: 0.0, m22: 0.0, m23: 0.0, m31: 0.0, m32: 0.0, m33: 0.0)

75
355836.164906541
normal
simd_float4x4([[-0.023903016, -0.98627096, 0.16339612, 0.0], [0.99859065, -0.015808074, 0.050663896, 0.0], [-0.047385346, 0.16437687, 0.9852587, 0.0], [0.2078775, 0.0033386946, -8.736125, 1.0]])
0.2078775, 0.0033386946, -8.736125
SIMD3<Float>(-0.16512625, -0.048057288, -1.5868231)
0.00000000
CMRotationMatrix(m11: 0.0, m12: 0.0, m13: 0.0, m21: 0.0, m22: 0.0, m23: 0.0, m31: 0.0, m32: 0.0, m33: 0.0)

76
355836.281553208
normal
simd_float4x4([[-0.04176515, -0.9881801, 0.14749806, 0.0], [0.9975413, -0.03292696, 0.061863173, 0.0], [-0.056275297, 0.14971913, 0.98712575, 0.0], [0.20996726, -0.0067681773, -8.871535, 1.0]])
0.20996726, -0.0067681773, -8.871535
SIMD3<Float>(-0.1502842, -0.056947608, -1.6041048)
0.00000000
CMRotationMatrix(m11: 0.0, m12: 0.0, m13: 0.0, m21: 0.0, m22: 0.0, m23: 0.0, m31: 0.0, m32: 0.0, m33: 0.0)

77
355836.39820025
normal
simd_float4x4([[-0.046947442, -0.9902892, 0.13085572, 0.0], [0.99786776, -0.04054865, 0.05114374, 0.0], [-0.045341067, 0.13297778, 0.9900813, 0.0], [0.21458171, -0.0150383925, -9.004073, 0.99999994]])
0.21458171, -0.0150383925, -9.004073
SIMD3<Float>(-0.13337284, -0.04576332, -1.6117197)
0.00000000
CMRotationMatrix(m11: 0.0, m12: 0.0, m13: 0.0, m21: 0.0, m22: 0.0, m23: 0.0, m31: 0.0, m32: 0.0, m33: 0.0)

78
355836.514846958
normal
simd_float4x4([[-0.041881457, -0.98877674, 0.14341053, 0.0], [0.99905753, -0.03980758, 0.017301217, 0.0], [-0.011398213, 0.14399998, 0.989512, 0.0], [0.2208147, -0.00669886, -9.142109, 1.0]])
0.2208147, -0.00669886, -9.142109
SIMD3<Float>(-0.14450234, -0.011518515, -1.611034)
0.00000000
CMRotationMatrix(m11: 0.0, m12: 0.0, m13: 0.0, m21: 0.0, m22: 0.0, m23: 0.0, m31: 0.0, m32: 0.0, m33: 0.0)

79
355836.631493958
normal
simd_float4x4([[-0.03130402, -0.9872904, 0.15581296, 0.0], [0.99927187, -0.03431606, -0.01667825, 0.0], [0.021813164, 0.15517743, 0.9876457, 0.0], [0.22142316, 0.005151931, -9.276445, 1.0]])
0.22142316, 0.005151931, -9.276445
SIMD3<Float>(-0.15580706, 0.022082431, -1.6055402)
0.00000000
CMRotationMatrix(m11: 0.0, m12: 0.0, m13: 0.0, m21: 0.0, m22: 0.0, m23: 0.0, m31: 0.0, m32: 0.0, m33: 0.0)

80
355836.748140541
normal
simd_float4x4([[-0.013722629, -0.98743755, 0.15741242, 0.0], [0.9988529, -0.020759972, -0.043149605, 0.0], [0.045875426, 0.15663972, 0.9865898, 0.0], [0.21823877, 0.0039599054, -9.412814, 1.0]])
0.21823877, 0.0039599054, -9.412814
SIMD3<Float>(-0.15728745, 0.04646552, -1.5918173)
0.00000000
CMRotationMatrix(m11: 0.0, m12: 0.0, m13: 0.0, m21: 0.0, m22: 0.0, m23: 0.0, m31: 0.0, m32: 0.0, m33: 0.0)

81
355836.864787458
normal
simd_float4x4([[0.008212003, -0.9841467, 0.17716613, 0.0], [0.99778295, -0.0036370626, -0.06645286, 0.0], [0.06604374, 0.17731906, 0.98193485, 0.0], [0.20774886, -0.011224926, -9.555433, 1.0]])
0.20774886, -0.011224926, -9.555433
SIMD3<Float>(-0.17826168, 0.06715763, -1.574492)
0.00000000
CMRotationMatrix(m11: 0.0, m12: 0.0, m13: 0.0, m21: 0.0, m22: 0.0, m23: 0.0, m31: 0.0, m32: 0.0, m33: 0.0)

82
355836.98143425
normal
simd_float4x4([[0.0060133813, -0.98427343, 0.17654961, 0.0], [0.99876416, -0.002798834, -0.049622122, 0.0], [0.049335863, 0.17662983, 0.98304015, 0.0], [0.20343836, -0.016661638, -9.69939, 1.0000001]])
0.20343836, -0.016661638, -9.69939
SIMD3<Float>(-0.17756139, 0.050144956, -1.5736399)
0.00000000
CMRotationMatrix(m11: 0.0, m12: 0.0, m13: 0.0, m21: 0.0, m22: 0.0, m23: 0.0, m31: 0.0, m32: 0.0, m33: 0.0)

83
355837.098081166
normal
simd_float4x4([[0.007546934, -0.9820893, 0.18826486, 0.0], [0.9998357, 0.0043095564, -0.017599287, 0.0], [0.016472733, 0.18836677, 0.9819606, 0.0], [0.1989761, -0.009263771, -9.844146, 1.0000001]])
0.1989761, -0.009263771, -9.844146
SIMD3<Float>(-0.18949889, 0.016773777, -1.5664082)
0.00000000
CMRotationMatrix(m11: 0.0, m12: 0.0, m13: 0.0, m21: 0.0, m22: 0.0, m23: 0.0, m31: 0.0, m32: 0.0, m33: 0.0)

84
355837.214728
normal
simd_float4x4([[-0.0013289659, -0.977897, 0.20908299, 0.0], [0.9998449, -0.0049706544, -0.016892947, 0.0], [0.017558843, 0.20902812, 0.9777519, 0.0], [0.20128383, -0.0014840998, -9.976772, 1.0]])
0.20128383, -0.0014840998, -9.976772
SIMD3<Float>(-0.21058102, 0.017956452, -1.5758793)
0.00000000
CMRotationMatrix(m11: 0.0, m12: 0.0, m13: 0.0, m21: 0.0, m22: 0.0, m23: 0.0, m31: 0.0, m32: 0.0, m33: 0.0)

85
355837.331374791
normal
simd_float4x4([[-0.021541147, -0.98201805, 0.18755394, 0.0], [0.99973935, -0.022577014, -0.0033883725, 0.0], [0.00756185, 0.18743207, 0.98224837, 0.0], [0.20368093, -0.006424352, -10.114748, 0.99999994]])
0.20368093, -0.006424352, -10.114748
SIMD3<Float>(-0.18854722, 0.007698359, -1.5937827)
0.00000000
CMRotationMatrix(m11: 0.0, m12: 0.0, m13: 0.0, m21: 0.0, m22: 0.0, m23: 0.0, m31: 0.0, m32: 0.0, m33: 0.0)

86
355837.448021666
normal
simd_float4x4([[-0.032368273, -0.98600316, 0.16355428, 0.0], [0.99943995, -0.033319812, -0.0030772253, 0.0], [0.008483752, 0.1633631, 0.98652947, 0.0], [0.20887601, -0.0178681, -10.264609, 0.9999999]])
0.20887601, -0.0178681, -10.264609
SIMD3<Float>(-0.16409859, 0.008599381, -1.6045762)
0.00000000
CMRotationMatrix(m11: 0.0, m12: 0.0, m13: 0.0, m21: 0.0, m22: 0.0, m23: 0.0, m31: 0.0, m32: 0.0, m33: 0.0)

87
355837.564668375
normal
simd_float4x4([[-0.005048919, -0.99253094, 0.12188863, 0.0], [0.9999099, -0.006526647, -0.011727388, 0.0], [0.012435319, 0.12181845, 0.9924745, 0.0], [0.21457508, -0.009621978, -10.40711, 1.0]])
0.21457508, -0.009621978, -10.40711
SIMD3<Float>(-0.12212177, 0.012528955, -1.577372)
0.00000000
CMRotationMatrix(m11: 0.0, m12: 0.0, m13: 0.0, m21: 0.0, m22: 0.0, m23: 0.0, m31: 0.0, m32: 0.0, m33: 0.0)

88
355837.681315125
normal
simd_float4x4([[0.0083393855, -0.9923079, 0.12351315, 0.0], [0.9990934, 0.0031119336, -0.042455636, 0.0], [0.041744705, 0.12375523, 0.9914343, 0.0], [0.22017628, 0.0054389257, -10.551906, 1.0]])
0.22017628, 0.0054389257, -10.551906
SIMD3<Float>(-0.12407332, 0.042080514, -1.5676603)
0.00000000
CMRotationMatrix(m11: 0.0, m12: 0.0, m13: 0.0, m21: 0.0, m22: 0.0, m23: 0.0, m31: 0.0, m32: 0.0, m33: 0.0)

89
355837.797962083
normal
simd_float4x4([[0.014225987, -0.9866096, 0.162478, 0.0], [0.99828565, 0.004788334, -0.058330245, 0.0], [0.056771185, 0.16302931, 0.9849863, 0.0], [0.2204742, 0.00481109, -10.6920595, 0.9999999]])
0.2204742, 0.00481109, -10.6920595
SIMD3<Float>(-0.16376027, 0.057572827, -1.565943)
0.00000000
CMRotationMatrix(m11: 0.0, m12: 0.0, m13: 0.0, m21: 0.0, m22: 0.0, m23: 0.0, m31: 0.0, m32: 0.0, m33: 0.0)

90
355837.914608666
normal
simd_float4x4([[0.011308975, -0.98849475, 0.15083188, 0.0], [0.9979835, 0.0017359332, -0.063449495, 0.0], [0.062457666, 0.1512453, 0.98652107, 0.0], [0.21912369, -0.0075475993, -10.833905, 1.0]])
0.21912369, -0.0075475993, -10.833905
SIMD3<Float>(-0.15182795, 0.06322665, -1.5690402)
0.00000000
CMRotationMatrix(m11: 0.0, m12: 0.0, m13: 0.0, m21: 0.0, m22: 0.0, m23: 0.0, m31: 0.0, m32: 0.0, m33: 0.0)

91
355838.031255583
normal
simd_float4x4([[-0.010768001, -0.98621213, 0.1651352, 0.0], [0.9981482, -0.020488484, -0.057273846, 0.0], [0.059867542, 0.16421269, 0.98460644, 0.0], [0.21635723, -0.021670416, -10.989695, 0.99999994]])
0.21635723, -0.021670416, -10.989695
SIMD3<Float>(-0.16495982, 0.06072876, -1.5915682)
0.00000000
CMRotationMatrix(m11: 0.0, m12: 0.0, m13: 0.0, m21: 0.0, m22: 0.0, m23: 0.0, m31: 0.0, m32: 0.0, m33: 0.0)

92
355838.147902208
normal
simd_float4x4([[-0.00979868, -0.9760952, 0.2171224, 0.0], [0.99933845, -0.017163476, -0.032060206, 0.0], [0.035020377, 0.21666464, 0.97561777, 0.0], [0.20924594, -0.014070084, -11.142382, 0.99999994]])
0.20924594, -0.014070084, -11.142382
SIMD3<Float>(-0.21839665, 0.035880186, -1.5883783)
0.00000000
CMRotationMatrix(m11: 0.0, m12: 0.0, m13: 0.0, m21: 0.0, m22: 0.0, m23: 0.0, m31: 0.0, m32: 0.0, m33: 0.0)

93
355838.264549041
normal
simd_float4x4([[-0.003966243, -0.9813288, 0.19229715, 0.0], [0.9994683, -0.010113361, -0.030995768, 0.0], [0.032361798, 0.19207197, 0.98084706, 0.0], [0.21111338, 0.0003900882, -11.276342, 1.0]])
0.21111338, 0.0003900882, -11.276342
SIMD3<Float>(-0.193273, 0.03298176, -1.5811018)
0.00000000
