ARKit Data

1
225658.935165291
normal
simd_float4x4([[-0.0021824716, -0.98073965, 0.19530718, 0.0], [0.99976337, -0.0063678254, -0.02080428, 0.0], [0.021647265, 0.19521552, 0.98052156, 0.0], [-0.005016836, -0.021941869, -0.015379785, 1.0]])
-0.005016836, -0.021941869, -0.015379785
SIMD3<Float>(-0.19647719, 0.02207371, -1.5772891)
0.00000000
CMRotationMatrix(m11: 0.0, m12: 0.0, m13: 0.0, m21: 0.0, m22: 0.0, m23: 0.0, m31: 0.0, m32: 0.0, m33: 0.0)

2
225659.051813291
normal
simd_float4x4([[-0.0020460405, -0.98107654, 0.19360943, 0.0], [0.99987304, -0.0050670975, -0.015109957, 0.0], [0.015805062, 0.19355392, 0.98096234, 0.0], [-0.0058635273, -0.021870246, -0.017213684, 1.0]])
-0.0058635273, -0.021870246, -0.017213684
SIMD3<Float>(-0.19478329, 0.0161104, -1.5759611)
0.00000000
CMRotationMatrix(m11: 0.0, m12: 0.0, m13: 0.0, m21: 0.0, m22: 0.0, m23: 0.0, m31: 0.0, m32: 0.0, m33: 0.0)

3
225659.168461125
normal
simd_float4x4([[-0.0015601976, -0.98071235, 0.19545047, 0.0], [0.9999209, -0.003970111, -0.011938899, 0.0], [0.012484586, 0.19541636, 0.980641, 0.0], [-0.0059917304, -0.021822255, -0.018829158, 1.0000001]])
-0.0059917304, -0.021822255, -0.018829158
SIMD3<Float>(-0.19668198, 0.012730358, -1.5748445)
0.00000000
CMRotationMatrix(m11: 0.0, m12: 0.0, m13: 0.0, m21: 0.0, m22: 0.0, m23: 0.0, m31: 0.0, m32: 0.0, m33: 0.0)

4
225659.285108708
normal
simd_float4x4([[0.007801034, -0.98122627, 0.19270246, 0.0], [0.9999601, 0.0068135993, -0.0057863276, 0.0], [0.004364699, 0.19273987, 0.9812402, 0.0], [-0.006395227, -0.020875916, -0.018543614, 1.0]])
-0.006395227, -0.020875916, -0.018543614
SIMD3<Float>(-0.19395362, 0.004448116, -1.5638524)
0.00000000
CMRotationMatrix(m11: 0.0, m12: 0.0, m13: 0.0, m21: 0.0, m22: 0.0, m23: 0.0, m31: 0.0, m32: 0.0, m33: 0.0)

5
225659.401756708
normal
simd_float4x4([[0.006736239, -0.98085594, 0.1946184, 0.0], [0.9999454, 0.0050518694, -0.009149779, 0.0], [0.007991428, 0.1946694, 0.98083645, 0.0], [-0.0063668345, -0.020847114, -0.018923288, 1.0000001]])
-0.0063668345, -0.020847114, -0.018923288
SIMD3<Float>(-0.1959204, 0.008147383, -1.5656459)
0.00000000
CMRotationMatrix(m11: 0.0, m12: 0.0, m13: 0.0, m21: 0.0, m22: 0.0, m23: 0.0, m31: 0.0, m32: 0.0, m33: 0.0)

6
225659.518404416
normal
simd_float4x4([[0.0057071354, -0.98125976, 0.1926052, 0.0], [0.99995387, 0.004110165, -0.008689965, 0.0], [0.0077354736, 0.19264588, 0.981238, 0.0], [-0.0064489464, -0.0209094, -0.019310748, 1.0]])
-0.0064489464, -0.0209094, -0.019310748
SIMD3<Float>(-0.19385782, 0.007883218, -1.5666077)
0.00000000
CMRotationMatrix(m11: 0.0, m12: 0.0, m13: 0.0, m21: 0.0, m22: 0.0, m23: 0.0, m31: 0.0, m32: 0.0, m33: 0.0)

7
225659.635052333
normal
simd_float4x4([[0.005425666, -0.9812544, 0.19264063, 0.0], [0.99997276, 0.0043557733, -0.005976908, 0.0], [0.005025768, 0.19266777, 0.98125124, 0.0], [-0.006821089, -0.021359043, -0.02019291, 1.0]])
-0.006821089, -0.021359043, -0.02019291
SIMD3<Float>(-0.19388013, 0.0051217508, -1.5663574)
0.00000000
CMRotationMatrix(m11: 0.0, m12: 0.0, m13: 0.0, m21: 0.0, m22: 0.0, m23: 0.0, m31: 0.0, m32: 0.0, m33: 0.0)

8
225659.751700041
normal
simd_float4x4([[0.0028861347, -0.9811186, 0.19338551, 0.0], [0.99995023, 0.0009844291, -0.009929128, 0.0], [0.009551277, 0.19340453, 0.9810727, 0.0], [-0.0061409865, -0.021545764, -0.021491187, 1.0]])
-0.0061409865, -0.021545764, -0.021491187
SIMD3<Float>(-0.19463101, 0.009735237, -1.569793)
0.00000000
CMRotationMatrix(m11: 0.0, m12: 0.0, m13: 0.0, m21: 0.0, m22: 0.0, m23: 0.0, m31: 0.0, m32: 0.0, m33: 0.0)

9
225659.868347958
normal
simd_float4x4([[0.0036172683, -0.98111975, 0.1933673, 0.0], [0.9999316, 0.001396914, -0.011617685, 0.0], [0.0111282235, 0.19339609, 0.98105764, 0.0], [-0.007257319, -0.021307837, -0.020521352, 0.99999994]])
-0.007257319, -0.021307837, -0.020521352
SIMD3<Float>(-0.19462241, 0.011342602, -1.5693725)
0.00000000
CMRotationMatrix(m11: 0.0, m12: 0.0, m13: 0.0, m21: 0.0, m22: 0.0, m23: 0.0, m31: 0.0, m32: 0.0, m33: 0.0)

10
225659.984995875
normal
simd_float4x4([[0.00966182, -0.9798835, 0.19933628, 0.0], [0.9997832, 0.0057895114, -0.019999761, 0.0], [0.018443376, 0.19948627, 0.9797271, 0.0], [-0.0086715445, -0.021544447, -0.021056581, 1.0]])
-0.0086715445, -0.021544447, -0.021056581
SIMD3<Float>(-0.20083362, 0.018822791, -1.564888)
0.00000000
CMRotationMatrix(m11: 0.0, m12: 0.0, m13: 0.0, m21: 0.0, m22: 0.0, m23: 0.0, m31: 0.0, m32: 0.0, m33: 0.0)

11
225660.101643541
normal
simd_float4x4([[0.020334888, -0.9783557, 0.2059289, 0.0], [0.9997276, 0.017536268, -0.015406479, 0.0], [0.0114617925, 0.20618604, 0.97844577, 0.0], [-0.010844191, -0.021677768, -0.020684687, 1.0]])
-0.010844191, -0.021677768, -0.020684687
SIMD3<Float>(-0.20767564, 0.011713749, -1.552874)
0.00000000
CMRotationMatrix(m11: 0.0, m12: 0.0, m13: 0.0, m21: 0.0, m22: 0.0, m23: 0.0, m31: 0.0, m32: 0.0, m33: 0.0)

12
225660.2182915
normal
simd_float4x4([[0.01296055, -0.98530555, 0.17030795, 0.0], [0.9998973, 0.013814042, 0.0038273926, 0.0], [-0.006123793, 0.17024085, 0.98538345, 0.0], [-0.012494448, -0.019938326, -0.016695563, 0.9999999]])
-0.012494448, -0.019938326, -0.016695563
SIMD3<Float>(-0.17107408, -0.0062145493, -1.5567772)
0.00000000
CMRotationMatrix(m11: 0.0, m12: 0.0, m13: 0.0, m21: 0.0, m22: 0.0, m23: 0.0, m31: 0.0, m32: 0.0, m33: 0.0)

13
225660.3349395
normal
simd_float4x4([[0.0005606581, -0.98942894, 0.14501679, 0.0], [0.9999985, 0.00031681065, -0.0017046003, 0.0], [0.001640638, 0.14501753, 0.9894277, 0.0], [-0.016466891, -0.020362284, -0.014685978, 0.9999999]])
-0.016466891, -0.020362284, -0.014685978
SIMD3<Float>(-0.1455307, 0.0016581671, -1.5704762)
0.00000000
CMRotationMatrix(m11: 0.0, m12: 0.0, m13: 0.0, m21: 0.0, m22: 0.0, m23: 0.0, m31: 0.0, m32: 0.0, m33: 0.0)

14
225660.451587375
normal
simd_float4x4([[0.0071594003, -0.99081695, 0.13501972, 0.0], [0.999748, 0.009964994, 0.020114765, 0.0], [-0.021275524, 0.1348417, 0.99063873, 0.0], [-0.023994638, -0.02146704, -0.016928859, 0.9999999]])
-0.023994638, -0.02146704, -0.016928859
SIMD3<Float>(-0.1352537, -0.021473272, -1.5607393)
0.00000000
CMRotationMatrix(m11: 0.0, m12: 0.0, m13: 0.0, m21: 0.0, m22: 0.0, m23: 0.0, m31: 0.0, m32: 0.0, m33: 0.0)

15
225660.568235083
normal
simd_float4x4([[0.010336863, -0.9898323, 0.14186317, 0.0], [0.99988574, 0.011796944, 0.0094549935, 0.0], [-0.011032411, 0.14174922, 0.98984116, 0.0], [-0.031098377, -0.022743803, -0.019762443, 1.0]])
-0.031098377, -0.022743803, -0.019762443
SIMD3<Float>(-0.14222825, -0.011145176, -1.5588788)
0.00000000
CMRotationMatrix(m11: 0.0, m12: 0.0, m13: 0.0, m21: 0.0, m22: 0.0, m23: 0.0, m31: 0.0, m32: 0.0, m33: 0.0)

16
225660.684882958
normal
simd_float4x4([[0.023935596, -0.9895481, 0.14220224, 0.0], [0.99909097, 0.02869669, 0.03152498, 0.0], [-0.03527622, 0.14131841, 0.9893354, 0.0], [-0.04049189, -0.022856222, -0.022145279, 0.9999999]])
-0.04049189, -0.022856222, -0.022145279
SIMD3<Float>(-0.14179306, -0.03564138, -1.5418047)
0.00000000
CMRotationMatrix(m11: 0.0, m12: 0.0, m13: 0.0, m21: 0.0, m22: 0.0, m23: 0.0, m31: 0.0, m32: 0.0, m33: 0.0)

17
225660.801530833
normal
simd_float4x4([[0.034974687, -0.99189544, 0.122148514, 0.0], [0.998755, 0.03904105, 0.031056471, 0.0], [-0.035573576, 0.12091023, 0.992026, 0.0], [-0.051870678, -0.024894683, -0.023476655, 1.0000001]])
-0.051870678, -0.024894683, -0.023476655
SIMD3<Float>(-0.12120678, -0.035844162, -1.5314566)
0.00000000
CMRotationMatrix(m11: 0.0, m12: 0.0, m13: 0.0, m21: 0.0, m22: 0.0, m23: 0.0, m31: 0.0, m32: 0.0, m33: 0.0)

18
225660.91817875
normal
simd_float4x4([[0.01838232, -0.9929707, 0.1169245, 0.0], [0.99948066, 0.02134553, 0.024141345, 0.0], [-0.026467463, 0.11641999, 0.9928475, 0.0], [-0.06783547, -0.026458107, -0.025151001, 1.0]])
-0.06783547, -0.026458107, -0.025151001
SIMD3<Float>(-0.11668459, -0.026651824, -1.549303)
0.00000000
CMRotationMatrix(m11: 0.0, m12: 0.0, m13: 0.0, m21: 0.0, m22: 0.0, m23: 0.0, m31: 0.0, m32: 0.0, m33: 0.0)

19
225661.034826416
normal
simd_float4x4([[0.02013594, -0.9930058, 0.116336085, 0.0], [0.99916774, 0.024115492, 0.03290164, 0.0], [-0.035477024, 0.11557674, 0.9926649, 0.0], [-0.08633679, -0.028416354, -0.030776573, 1.0000001]])
-0.08633679, -0.028416354, -0.030776573
SIMD3<Float>(-0.11583561, -0.03572397, -1.5465157)
0.00000000
CMRotationMatrix(m11: 0.0, m12: 0.0, m13: 0.0, m21: 0.0, m22: 0.0, m23: 0.0, m31: 0.0, m32: 0.0, m33: 0.0)

20
225661.151474375
normal
simd_float4x4([[0.022360949, -0.9931879, 0.11435773, 0.0], [0.9992173, 0.025935996, 0.029870085, 0.0], [-0.032632586, 0.113600284, 0.99299055, 0.0], [-0.107826926, -0.03181885, -0.037226345, 1.0]])
-0.107826926, -0.03181885, -0.037226345
SIMD3<Float>(-0.11384605, -0.032851115, -1.5446883)
0.00000000
CMRotationMatrix(m11: 0.0, m12: 0.0, m13: 0.0, m21: 0.0, m22: 0.0, m23: 0.0, m31: 0.0, m32: 0.0, m33: 0.0)

21
225661.268122291
normal
simd_float4x4([[0.022589102, -0.9927074, 0.11841356, 0.0], [0.9990552, 0.026813408, 0.034203123, 0.0], [-0.03712876, 0.11752905, 0.9923752, 0.0], [-0.12605111, -0.033857435, -0.04504026, 0.99999994]])
-0.12605111, -0.033857435, -0.04504026
SIMD3<Float>(-0.117801316, -0.037396595, -1.5437925)
0.00000000
CMRotationMatrix(m11: 0.0, m12: 0.0, m13: 0.0, m21: 0.0, m22: 0.0, m23: 0.0, m31: 0.0, m32: 0.0, m33: 0.0)

22
225661.384770208
normal
simd_float4x4([[0.027236938, -0.9920321, 0.123005874, 0.0], [0.9985403, 0.03274211, 0.042957667, 0.0], [-0.04664286, 0.121656284, 0.9914759, 0.0], [-0.14351852, -0.03553085, -0.054499667, 1.0]])
-0.14351852, -0.03553085, -0.054499667
SIMD3<Float>(-0.12195839, -0.047009207, -1.5378032)
0.00000000
CMRotationMatrix(m11: 0.0, m12: 0.0, m13: 0.0, m21: 0.0, m22: 0.0, m23: 0.0, m31: 0.0, m32: 0.0, m33: 0.0)

23
225661.501417875
normal
simd_float4x4([[0.039526492, -0.9912822, 0.12568732, 0.0], [0.9981415, 0.04500909, 0.041083623, 0.0], [-0.04638253, 0.12382979, 0.9912189, 0.0], [-0.15732355, -0.036627963, -0.06708003, 1.0]])
-0.15732355, -0.036627963, -0.06708003
SIMD3<Float>(-0.12414846, -0.04675932, -1.5254226)
0.00000000
CMRotationMatrix(m11: 0.0, m12: 0.0, m13: 0.0, m21: 0.0, m22: 0.0, m23: 0.0, m31: 0.0, m32: 0.0, m33: 0.0)

24
225661.618065958
normal
simd_float4x4([[0.051108938, -0.99074835, 0.12572025, 0.0], [0.99736285, 0.05713023, 0.04476233, 0.0], [-0.05153063, 0.123100944, 0.9910555, 0.0], [-0.16790257, -0.0379064, -0.08685297, 1.0]])
-0.16790257, -0.0379064, -0.08685297
SIMD3<Float>(-0.123413995, -0.051948924, -1.5131963)
0.00000000
CMRotationMatrix(m11: 0.0, m12: 0.0, m13: 0.0, m21: 0.0, m22: 0.0, m23: 0.0, m31: 0.0, m32: 0.0, m33: 0.0)

25
225661.734713666
normal
simd_float4x4([[0.052948974, -0.99022293, 0.12905368, 0.0], [0.9974317, 0.058685884, 0.041061446, 0.0], [-0.048233613, 0.12654805, 0.99078715, 0.0], [-0.17235152, -0.040611856, -0.1097678, 1.0]])
-0.17235152, -0.040611856, -0.1097678
SIMD3<Float>(-0.12688828, -0.048643712, -1.5116003)
0.00000000
CMRotationMatrix(m11: 0.0, m12: 0.0, m13: 0.0, m21: 0.0, m22: 0.0, m23: 0.0, m31: 0.0, m32: 0.0, m33: 0.0)

26
225661.851361541
normal
simd_float4x4([[0.05256072, -0.9902918, 0.12868357, 0.0], [0.99776256, 0.057409942, 0.034266163, 0.0], [-0.041321214, 0.12659457, 0.9910936, 0.0], [-0.17211056, -0.046335023, -0.14992192, 1.0]])
-0.17211056, -0.046335023, -0.14992192
SIMD3<Float>(-0.12693517, -0.041668415, -1.5128884)
0.00000000
CMRotationMatrix(m11: 0.0, m12: 0.0, m13: 0.0, m21: 0.0, m22: 0.0, m23: 0.0, m31: 0.0, m32: 0.0, m33: 0.0)

27
225661.968009458
normal
simd_float4x4([[0.05218741, -0.98990047, 0.13180855, 0.0], [0.99836403, 0.054804407, 0.016303055, 0.0], [-0.023362093, 0.13074207, 0.9911412, 0.0], [-0.16691074, -0.051385038, -0.20170462, 1.0]])
-0.16691074, -0.051385038, -0.20170462
SIMD3<Float>(-0.13111743, -0.023566538, -1.5154892)
0.00000000
CMRotationMatrix(m11: 0.0, m12: 0.0, m13: 0.0, m21: 0.0, m22: 0.0, m23: 0.0, m31: 0.0, m32: 0.0, m33: 0.0)

28
225662.084657333
normal
simd_float4x4([[0.054844026, -0.9911811, 0.12063231, 0.0], [0.99832535, 0.052205913, -0.02492422, 0.0], [0.018406698, 0.12179723, 0.9923844, 0.0], [-0.1606436, -0.050517704, -0.2618165, 1.0]])
-0.1606436, -0.050517704, -0.2618165
SIMD3<Float>(-0.12210039, 0.018545827, -1.5181745)
0.00000000
CMRotationMatrix(m11: 0.0, m12: 0.0, m13: 0.0, m21: 0.0, m22: 0.0, m23: 0.0, m31: 0.0, m32: 0.0, m33: 0.0)

29
225662.201305041
normal
simd_float4x4([[0.08510406, -0.9894582, 0.117173776, 0.0], [0.9897918, 0.07046204, -0.1238847, 0.0], [0.11432244, 0.12652074, 0.98535424, 0.0], [-0.16569167, -0.044885833, -0.32871705, 1.0000001]])
-0.16569167, -0.044885833, -0.32871705
SIMD3<Float>(-0.12686074, 0.11550524, -1.4997036)
0.00000000
CMRotationMatrix(m11: 0.0, m12: 0.0, m13: 0.0, m21: 0.0, m22: 0.0, m23: 0.0, m31: 0.0, m32: 0.0, m33: 0.0)

30
225662.317952958
normal
simd_float4x4([[0.10395039, -0.98903984, 0.1048549, 0.0], [0.97184294, 0.07859274, -0.22213635, 0.0], [0.21146086, 0.124993645, 0.9693612, 0.0], [-0.18093276, -0.03495956, -0.38804102, 0.99999994]])
-0.18093276, -0.03495956, -0.38804102
SIMD3<Float>(-0.12532143, 0.21477982, -1.4914993)
0.00000000
CMRotationMatrix(m11: 0.0, m12: 0.0, m13: 0.0, m21: 0.0, m22: 0.0, m23: 0.0, m31: 0.0, m32: 0.0, m33: 0.0)

31
225662.434600791
normal
simd_float4x4([[0.11513821, -0.989739, 0.08461618, 0.0], [0.93927485, 0.08075305, -0.33352923, 0.0], [0.3232739, 0.117879786, 0.9389347, 0.0], [-0.2090448, -0.030388001, -0.43651173, 0.99999994]])
-0.2090448, -0.030388001, -0.43651173
SIMD3<Float>(-0.11815451, 0.3315866, -1.4893864)
0.00000000
CMRotationMatrix(m11: 0.0, m12: 0.0, m13: 0.0, m21: 0.0, m22: 0.0, m23: 0.0, m31: 0.0, m32: 0.0, m33: 0.0)

32
225662.551248791
normal
simd_float4x4([[0.12293518, -0.98756343, 0.09800717, 0.0], [0.8959399, 0.06796811, -0.43894443, 0.0], [0.42682406, 0.14177023, 0.8931532, 0.0], [-0.25142696, -0.031860095, -0.47929564, 1.0]])
-0.25142696, -0.031860095, -0.47929564
SIMD3<Float>(-0.14224948, 0.4457992, -1.5020807)
0.00000000
CMRotationMatrix(m11: 0.0, m12: 0.0, m13: 0.0, m21: 0.0, m22: 0.0, m23: 0.0, m31: 0.0, m32: 0.0, m33: 0.0)

33
225662.667896416
normal
simd_float4x4([[0.14234456, -0.9856416, 0.090822734, 0.0], [0.83314806, 0.069767594, -0.548632, 0.0], [0.53441805, 0.15376355, 0.83111644, 0.0], [-0.30507684, -0.038388517, -0.51054114, 1.0000001]])
-0.30507684, -0.038388517, -0.51054114
SIMD3<Float>(-0.154376, 0.5714472, -1.5001303)
0.00000000
CMRotationMatrix(m11: 0.0, m12: 0.0, m13: 0.0, m21: 0.0, m22: 0.0, m23: 0.0, m31: 0.0, m32: 0.0, m33: 0.0)

34
225662.784544208
normal
simd_float4x4([[0.17033768, -0.9810141, 0.092717156, 0.0], [0.7677828, 0.07315488, -0.6365204, 0.0], [0.61765265, 0.17961, 0.7656668, 0.0], [-0.3728927, -0.048752047, -0.5386372, 1.0]])
-0.3728927, -0.048752047, -0.5386372
SIMD3<Float>(-0.18058999, 0.67880446, -1.4963634)
0.00000000
CMRotationMatrix(m11: 0.0, m12: 0.0, m13: 0.0, m21: 0.0, m22: 0.0, m23: 0.0, m31: 0.0, m32: 0.0, m33: 0.0)

35
225662.901192208
normal
simd_float4x4([[0.18713214, -0.9793709, 0.07625072, 0.0], [0.6996344, 0.07838883, -0.71018803, 0.0], [0.6895603, 0.1862466, 0.69987065, 0.0], [-0.4534661, -0.058108132, -0.55849516, 0.99999994]])
-0.4534661, -0.058108132, -0.55849516
SIMD3<Float>(-0.18734051, 0.7779777, -1.4909266)
0.00000000
CMRotationMatrix(m11: 0.0, m12: 0.0, m13: 0.0, m21: 0.0, m22: 0.0, m23: 0.0, m31: 0.0, m32: 0.0, m33: 0.0)

36
225663.01784
normal
simd_float4x4([[0.2037844, -0.9766758, 0.06764912, 0.0], [0.6275236, 0.07727036, -0.7747539, 0.0], [0.7514561, 0.20033416, 0.62863356, 0.0], [-0.5464072, -0.062749654, -0.57439035, 1.0]])
-0.5464072, -0.062749654, -0.57439035
SIMD3<Float>(-0.20169899, 0.87416035, -1.4918451)
0.00000000
CMRotationMatrix(m11: 0.0, m12: 0.0, m13: 0.0, m21: 0.0, m22: 0.0, m23: 0.0, m31: 0.0, m32: 0.0, m33: 0.0)

37
225663.134487666
normal
simd_float4x4([[0.22511612, -0.97235507, 0.062034693, 0.0], [0.5504705, 0.074392416, -0.8315337, 0.0], [0.80393106, 0.22133987, 0.5519997, 0.0], [-0.64204895, -0.06121057, -0.58328956, 1.0]])
-0.64204895, -0.06121057, -0.58328956
SIMD3<Float>(-0.2231882, 0.9691029, -1.4944376)
0.00000000
CMRotationMatrix(m11: 0.0, m12: 0.0, m13: 0.0, m21: 0.0, m22: 0.0, m23: 0.0, m31: 0.0, m32: 0.0, m33: 0.0)

38
225663.251135541
normal
simd_float4x4([[0.22031192, -0.97490996, 0.03183133, 0.0], [0.4766059, 0.07911708, -0.87554985, 0.0], [0.8510638, 0.20806505, 0.4820783, 0.0], [-0.7294682, -0.059253372, -0.58298904, 1.0]])
-0.7294682, -0.059253372, -0.58298904
SIMD3<Float>(-0.20959629, 1.0554174, -1.4898206)
0.00000000
CMRotationMatrix(m11: 0.0, m12: 0.0, m13: 0.0, m21: 0.0, m22: 0.0, m23: 0.0, m31: 0.0, m32: 0.0, m33: 0.0)

39
225663.367783291
normal
simd_float4x4([[0.22352266, -0.9740086, 0.036672, 0.0], [0.40133333, 0.057683997, -0.9141139, 0.0], [0.88823944, 0.21904284, 0.4037958, 0.0], [-0.81524533, -0.05718687, -0.58481157, 1.0]])
-0.81524533, -0.05718687, -0.58481157
SIMD3<Float>(-0.22083338, 1.1441216, -1.5116421)
0.00000000
CMRotationMatrix(m11: 0.0, m12: 0.0, m13: 0.0, m21: 0.0, m22: 0.0, m23: 0.0, m31: 0.0, m32: 0.0, m33: 0.0)

40
225663.484431125
normal
simd_float4x4([[0.2148996, -0.97601235, 0.034900464, 0.0], [0.32728997, 0.038302075, -0.94414747, 0.0], [0.92016286, 0.21431944, 0.32767013, 0.0], [-0.9023861, -0.057818346, -0.58723575, 1.0]])
-0.9023861, -0.057818346, -0.58723575
SIMD3<Float>(-0.21599503, 1.2286974, -1.531573)
0.00000000
CMRotationMatrix(m11: 0.0, m12: 0.0, m13: 0.0, m21: 0.0, m22: 0.0, m23: 0.0, m31: 0.0, m32: 0.0, m33: 0.0)

41
225663.601078958
normal
simd_float4x4([[0.2047055, -0.9785116, 0.024713099, 0.0], [0.282932, 0.03498189, -0.95850194, 0.0], [0.9370407, 0.20320274, 0.28401324, 0.0], [-0.9965177, -0.06204672, -0.5915449, 1.0]])
-0.9965177, -0.06204672, -0.5915449
SIMD3<Float>(-0.2046278, 1.2765017, -1.5350615)
0.00000000
CMRotationMatrix(m11: 0.0, m12: 0.0, m13: 0.0, m21: 0.0, m22: 0.0, m23: 0.0, m31: 0.0, m32: 0.0, m33: 0.0)

42
225663.71772675
normal
simd_float4x4([[0.19472012, -0.98079556, 0.011136579, 0.0], [0.23538724, 0.03570395, -0.97124565, 0.0], [0.9521958, 0.19174246, 0.23781903, 0.0], [-1.0997541, -0.069382355, -0.60134643, 0.9999999]])
-1.0997541, -0.069382355, -0.60134643
SIMD3<Float>(-0.19293724, 1.3260449, -1.5344094)
0.00000000
CMRotationMatrix(m11: 0.0, m12: 0.0, m13: 0.0, m21: 0.0, m22: 0.0, m23: 0.0, m31: 0.0, m32: 0.0, m33: 0.0)

43
225663.834374583
normal
simd_float4x4([[0.20342234, -0.97907645, -0.0053344425, 0.0], [0.15848446, 0.038303785, -0.98661816, 0.0], [0.9661791, 0.19985476, 0.16296026, 0.0], [-1.2090678, -0.07210137, -0.60850513, 0.9999999]])
-1.2090678, -0.07210137, -0.60850513
SIMD3<Float>(-0.2012097, 1.4037043, -1.5316939)
0.00000000
CMRotationMatrix(m11: 0.0, m12: 0.0, m13: 0.0, m21: 0.0, m22: 0.0, m23: 0.0, m31: 0.0, m32: 0.0, m33: 0.0)

44
225663.951022166
normal
simd_float4x4([[0.21851195, -0.9755447, -0.023772057, 0.0], [0.08797202, 0.04395469, -0.9951528, 0.0], [0.9718609, 0.21536149, 0.09542527, 0.0], [-1.3196784, -0.06976215, -0.61027646, 1.0]])
-1.3196784, -0.06976215, -0.61027646
SIMD3<Float>(-0.217062, 1.4729218, -1.5257702)
0.00000000
CMRotationMatrix(m11: 0.0, m12: 0.0, m13: 0.0, m21: 0.0, m22: 0.0, m23: 0.0, m31: 0.0, m32: 0.0, m33: 0.0)

45
225664.067670041
normal
simd_float4x4([[0.1978925, -0.9791835, -0.04514684, 0.0], [0.034148257, 0.05291644, -0.9980149, 0.0], [0.9796288, 0.19595796, 0.04390918, 0.0], [-1.4248534, -0.0631811, -0.6070462, 1.0]])
-1.4248534, -0.0631811, -0.6070462
SIMD3<Float>(-0.19723426, 1.5260041, -1.5168074)
0.00000000
CMRotationMatrix(m11: 0.0, m12: 0.0, m13: 0.0, m21: 0.0, m22: 0.0, m23: 0.0, m31: 0.0, m32: 0.0, m33: 0.0)

46
225664.184317708
normal
simd_float4x4([[0.20226566, -0.9788338, -0.031195406, 0.0], [0.0026471128, 0.032400128, -0.99947166, 0.0], [0.97932726, 0.20207618, 0.009144516, 0.0], [-1.5352256, -0.06145219, -0.60170794, 1.0000001]])
-1.5352256, -0.06145219, -0.60170794
SIMD3<Float>(-0.20347737, 1.5614591, -1.5377077)
0.00000000
CMRotationMatrix(m11: 0.0, m12: 0.0, m13: 0.0, m21: 0.0, m22: 0.0, m23: 0.0, m31: 0.0, m32: 0.0, m33: 0.0)

47
225664.300965708
normal
simd_float4x4([[0.18083963, -0.98219746, -0.050844938, 0.0], [-0.027541455, 0.046619706, -0.998533, 0.0], [0.98312694, 0.18197466, -0.018620454, 0.0], [-1.6449064, -0.068216406, -0.5842302, 1.0]])
-1.6449064, -0.068216406, -0.5842302
SIMD3<Float>(-0.18299428, 1.5897341, -1.5233672)
0.00000000
CMRotationMatrix(m11: 0.0, m12: 0.0, m13: 0.0, m21: 0.0, m22: 0.0, m23: 0.0, m31: 0.0, m32: 0.0, m33: 0.0)

48
225664.417613375
normal
simd_float4x4([[0.15099041, -0.98563933, -0.07561094, 0.0], [-0.04480384, 0.0695859, -0.9965694, 0.0], [0.9875195, 0.15386005, -0.033653624, 0.0], [-1.7555324, -0.07639679, -0.5604002, 1.0]])
-1.7555324, -0.07639679, -0.5604002
SIMD3<Float>(-0.15447366, 1.6048621, -1.5003135)
0.00000000
CMRotationMatrix(m11: 0.0, m12: 0.0, m13: 0.0, m21: 0.0, m22: 0.0, m23: 0.0, m31: 0.0, m32: 0.0, m33: 0.0)

49
225664.534261083
normal
simd_float4x4([[0.12563145, -0.98901576, -0.07787564, 0.0], [-0.052381128, 0.07177527, -0.9960446, 0.0], [0.9906933, 0.12921374, -0.042788524, 0.0], [-1.8631848, -0.073815785, -0.53408825, 1.0000001]])
-1.8631848, -0.073815785, -0.53408825
SIMD3<Float>(-0.12957603, 1.61396, -1.4983509)
0.00000000
CMRotationMatrix(m11: 0.0, m12: 0.0, m13: 0.0, m21: 0.0, m22: 0.0, m23: 0.0, m31: 0.0, m32: 0.0, m33: 0.0)

50
225664.650908916
normal
simd_float4x4([[0.14777532, -0.98658603, -0.06935732, 0.0], [-0.03383209, 0.0650436, -0.9973088, 0.0], [0.9884422, 0.14972413, -0.02376643, 0.0], [-1.9593645, -0.06749804, -0.5163967, 0.99999994]])
-1.9593645, -0.06749804, -0.5163967
SIMD3<Float>(-0.15028925, 1.594836, -1.5049636)
0.00000000
CMRotationMatrix(m11: 0.0, m12: 0.0, m13: 0.0, m21: 0.0, m22: 0.0, m23: 0.0, m31: 0.0, m32: 0.0, m33: 0.0)

51
225664.767556541
normal
simd_float4x4([[0.15649976, -0.9862978, -0.052196592, 0.0], [-0.012660248, 0.050840195, -0.9986266, 0.0], [0.9875969, 0.15694562, -0.004530296, 0.0], [-2.0484939, -0.059058957, -0.5031019, 0.99999994]])
-2.0484939, -0.059058957, -0.5031019
SIMD3<Float>(-0.15759717, 1.5753835, -1.5192955)
0.00000000
CMRotationMatrix(m11: 0.0, m12: 0.0, m13: 0.0, m21: 0.0, m22: 0.0, m23: 0.0, m31: 0.0, m32: 0.0, m33: 0.0)

52
225664.88420425
normal
simd_float4x4([[0.14897916, -0.988169, -0.036432635, 0.0], [-0.00315953, 0.036367908, -0.99933356, 0.0], [0.9888354, 0.14899495, 0.0022959106, 0.0], [-2.1335425, -0.05901014, -0.49158007, 1.0]])
-2.1335425, -0.05901014, -0.49158007
SIMD3<Float>(-0.14955181, 1.5684745, -1.5340096)
0.00000000
CMRotationMatrix(m11: 0.0, m12: 0.0, m13: 0.0, m21: 0.0, m22: 0.0, m23: 0.0, m31: 0.0, m32: 0.0, m33: 0.0)

53
225665.000852291
normal
simd_float4x4([[0.13435042, -0.9903285, -0.034634136, 0.0], [-0.010147377, 0.03357423, -0.99938476, 0.0], [0.990882, 0.13461919, -0.005538523, 0.0], [-2.2275739, -0.06745967, -0.48414114, 1.0]])
-2.2275739, -0.06745967, -0.48414114
SIMD3<Float>(-0.13502915, 1.5763857, -1.5369072)
0.00000000
CMRotationMatrix(m11: 0.0, m12: 0.0, m13: 0.0, m21: 0.0, m22: 0.0, m23: 0.0, m31: 0.0, m32: 0.0, m33: 0.0)

54
225665.1175
normal
simd_float4x4([[0.11259047, -0.99247354, -0.048162807, 0.0], [-0.010776909, 0.047248445, -0.9988251, 0.0], [0.99358314, 0.112977214, -0.0053760726, 0.0], [-2.3393967, -0.070512265, -0.47793797, 1.0]])
-2.3393967, -0.070512265, -0.47793797
SIMD3<Float>(-0.11321894, 1.576207, -1.5232255)
0.00000000
CMRotationMatrix(m11: 0.0, m12: 0.0, m13: 0.0, m21: 0.0, m22: 0.0, m23: 0.0, m31: 0.0, m32: 0.0, m33: 0.0)

55
225665.234147625
normal
simd_float4x4([[0.09826786, -0.9935912, -0.055857435, 0.0], [-0.058895927, 0.050224155, -0.997, 0.0], [0.9934157, 0.1012628, -0.053583056, 0.0], [-2.4575012, -0.06308092, -0.47292435, 0.99999994]])
-2.4575012, -0.06308092, -0.47292435
SIMD3<Float>(-0.10143667, 1.6246823, -1.5202912)
0.00000000
CMRotationMatrix(m11: 0.0, m12: 0.0, m13: 0.0, m21: 0.0, m22: 0.0, m23: 0.0, m31: 0.0, m32: 0.0, m33: 0.0)

56
225665.350795541
normal
simd_float4x4([[0.101418994, -0.9929, -0.062158853, 0.0], [-0.0759683, 0.05456915, -0.99561596, 0.0], [0.99193907, 0.105696455, -0.069894575, 0.0], [-2.5694935, -0.047150776, -0.46829593, 1.0]])
-2.5694935, -0.047150776, -0.46829593
SIMD3<Float>(-0.10589425, 1.6411426, -1.5158921)
0.00000000
CMRotationMatrix(m11: 0.0, m12: 0.0, m13: 0.0, m21: 0.0, m22: 0.0, m23: 0.0, m31: 0.0, m32: 0.0, m33: 0.0)

57
225665.467443166
normal
simd_float4x4([[0.11814541, -0.9921923, -0.03995047, 0.0], [-0.0687461, 0.031963017, -0.99712205, 0.0], [0.9906138, 0.12055184, -0.064433075, 0.0], [-2.67475, -0.036225263, -0.4642558, 0.99999994]])
-2.67475, -0.036225263, -0.4642558
SIMD3<Float>(-0.12084576, 1.6357484, -1.5385929)
0.00000000
CMRotationMatrix(m11: 0.0, m12: 0.0, m13: 0.0, m21: 0.0, m22: 0.0, m23: 0.0, m31: 0.0, m32: 0.0, m33: 0.0)

58
225665.584090916
normal
simd_float4x4([[0.12847397, -0.991203, -0.031797886, 0.0], [-0.05674057, 0.024664253, -0.99808425, 0.0], [0.9900884, 0.13003208, -0.053072706, 0.0], [-2.7798603, -0.04082874, -0.45560125, 1.0]])
-2.7798603, -0.04082874, -0.45560125
SIMD3<Float>(-0.13040133, 1.6243491, -1.5459183)
0.00000000
CMRotationMatrix(m11: 0.0, m12: 0.0, m13: 0.0, m21: 0.0, m22: 0.0, m23: 0.0, m31: 0.0, m32: 0.0, m33: 0.0)

59
225665.700738666
normal
simd_float4x4([[0.118385956, -0.9925718, -0.028033271, 0.0], [-0.041869022, 0.02321688, -0.99885327, 0.0], [0.99208456, 0.119423926, -0.038809463, 0.0], [-2.8899868, -0.04939417, -0.44339377, 0.9999999]])
-2.8899868, -0.04939417, -0.44339377
SIMD3<Float>(-0.11970963, 1.6098955, -1.54741)
0.00000000
CMRotationMatrix(m11: 0.0, m12: 0.0, m13: 0.0, m21: 0.0, m22: 0.0, m23: 0.0, m31: 0.0, m32: 0.0, m33: 0.0)

60
225665.817386333
normal
simd_float4x4([[0.101603664, -0.9942705, -0.033209514, 0.0], [-0.03923272, 0.029351609, -0.99879897, 0.0], [0.99405116, 0.10278454, -0.036025703, 0.0], [-3.0030434, -0.051734343, -0.4287047, 1.0]])
-3.0030434, -0.051734343, -0.4287047
SIMD3<Float>(-0.10296638, 1.6070218, -1.5412842)
0.00000000
CMRotationMatrix(m11: 0.0, m12: 0.0, m13: 0.0, m21: 0.0, m22: 0.0, m23: 0.0, m31: 0.0, m32: 0.0, m33: 0.0)

61
225665.934034125
normal
simd_float4x4([[0.11017377, -0.99237293, -0.05529468, 0.0], [-0.027814174, 0.05253318, -0.99823165, 0.0], [0.99352306, 0.111516915, -0.021814259, 0.0], [-3.111383, -0.044595327, -0.41429722, 0.9999999]])
-3.111383, -0.044595327, -0.41429722
SIMD3<Float>(-0.11174936, 1.5927492, -1.5179088)
0.00000000
CMRotationMatrix(m11: 0.0, m12: 0.0, m13: 0.0, m21: 0.0, m22: 0.0, m23: 0.0, m31: 0.0, m32: 0.0, m33: 0.0)

62
225666.050681708
normal
simd_float4x4([[0.11445428, -0.9917282, -0.05809875, 0.0], [-0.026331516, 0.055434022, -0.9981152, 0.0], [0.9930796, 0.11576836, -0.019769046, 0.0], [-3.2152686, -0.035926744, -0.41036588, 1.0000001]])
-3.2152686, -0.035926744, -0.41036588
SIMD3<Float>(-0.116028525, 1.5907005, -1.514958)
0.00000000
CMRotationMatrix(m11: 0.0, m12: 0.0, m13: 0.0, m21: 0.0, m22: 0.0, m23: 0.0, m31: 0.0, m32: 0.0, m33: 0.0)

63
225666.167329416
normal
simd_float4x4([[0.12779553, -0.99093646, -0.04139194, 0.0], [-0.014985121, 0.039800186, -0.9990954, 0.0], [0.9916874, 0.12830018, -0.009763015, 0.0], [-3.3133335, -0.035704833, -0.4115298, 1.0]])
-3.3133335, -0.035704833, -0.4115298
SIMD3<Float>(-0.1286548, 1.5806409, -1.5306537)
0.00000000
CMRotationMatrix(m11: 0.0, m12: 0.0, m13: 0.0, m21: 0.0, m22: 0.0, m23: 0.0, m31: 0.0, m32: 0.0, m33: 0.0)

64
225666.283977208
normal
simd_float4x4([[0.11107728, -0.9926749, -0.047522753, 0.0], [-0.0010771445, 0.04769838, -0.99886125, 0.0], [0.99381125, 0.11100196, 0.0042289514, 0.0], [-3.4182928, -0.05024425, -0.4128981, 1.0]])
-3.4182928, -0.05024425, -0.4128981
SIMD3<Float>(-0.111231185, 1.5665411, -1.5227829)
0.00000000
CMRotationMatrix(m11: 0.0, m12: 0.0, m13: 0.0, m21: 0.0, m22: 0.0, m23: 0.0, m31: 0.0, m32: 0.0, m33: 0.0)

65
225666.400625041
normal
simd_float4x4([[0.09446921, -0.99432963, -0.04882758, 0.0], [-0.008701369, 0.04822034, -0.99879885, 0.0], [0.9954898, 0.094780594, -0.004096691, 0.0], [-3.5309725, -0.060440037, -0.42034122, 1.0]])
-3.5309725, -0.060440037, -0.42034122
SIMD3<Float>(-0.09492308, 1.5749116, -1.522339)
0.00000000
CMRotationMatrix(m11: 0.0, m12: 0.0, m13: 0.0, m21: 0.0, m22: 0.0, m23: 0.0, m31: 0.0, m32: 0.0, m33: 0.0)

66
225666.517272583
normal
simd_float4x4([[0.087701686, -0.9939052, -0.06678974, 0.0], [-0.05400175, 0.06220582, -0.99660146, 0.0], [0.994682, 0.09101037, -0.048217062, 0.0], [-3.6457925, -0.048471887, -0.42972395, 1.0]])
-3.6457925, -0.048471887, -0.42972395
SIMD3<Float>(-0.09113648, 1.6192333, -1.5082905)
0.00000000
CMRotationMatrix(m11: 0.0, m12: 0.0, m13: 0.0, m21: 0.0, m22: 0.0, m23: 0.0, m31: 0.0, m32: 0.0, m33: 0.0)

67
225666.633920291
normal
simd_float4x4([[0.071631834, -0.9930772, -0.09309476, 0.0], [-0.09175836, 0.08637775, -0.99202806, 0.0], [0.9932017, 0.07960298, -0.08493574, 0.0], [-3.753933, -0.029808192, -0.4335721, 1.0000001]])
-3.753933, -0.029808192, -0.4335721
SIMD3<Float>(-0.07968729, 1.6561059, -1.4840348)
0.00000000
CMRotationMatrix(m11: 0.0, m12: 0.0, m13: 0.0, m21: 0.0, m22: 0.0, m23: 0.0, m31: 0.0, m32: 0.0, m33: 0.0)

68
225666.750568041
normal
simd_float4x4([[0.06656243, -0.9928157, -0.0994311, 0.0], [-0.107831694, 0.09191075, -0.98991156, 0.0], [0.9919385, 0.07661273, -0.100939184, 0.0], [-3.8617775, -0.018101733, -0.43472427, 1.0]])
-3.8617775, -0.018101733, -0.43472427
SIMD3<Float>(-0.07668788, 1.6722068, -1.4784836)
0.00000000
CMRotationMatrix(m11: 0.0, m12: 0.0, m13: 0.0, m21: 0.0, m22: 0.0, m23: 0.0, m31: 0.0, m32: 0.0, m33: 0.0)

69
225666.86721575
normal
simd_float4x4([[0.07605705, -0.9927457, -0.09312014, 0.0], [-0.108602114, 0.0845873, -0.99048007, 0.0], [0.9911716, 0.08544602, -0.10138083, 0.0], [-3.969927, -0.022575751, -0.43072635, 1.0]])
-3.969927, -0.022575751, -0.43072635
SIMD3<Float>(-0.08555034, 1.6727257, -1.4857962)
0.00000000
CMRotationMatrix(m11: 0.0, m12: 0.0, m13: 0.0, m21: 0.0, m22: 0.0, m23: 0.0, m31: 0.0, m32: 0.0, m33: 0.0)

70
225666.983863375
normal
simd_float4x4([[0.085339926, -0.9923138, -0.089612454, 0.0], [-0.101659894, 0.08079906, -0.9915326, 0.0], [0.99115217, 0.0937273, -0.09398312, 0.0], [-4.0842905, -0.03810893, -0.42052695, 1.0]])
-4.0842905, -0.03810893, -0.42052695
SIMD3<Float>(-0.093865074, 1.6653358, -1.4895507)
0.00000000
CMRotationMatrix(m11: 0.0, m12: 0.0, m13: 0.0, m21: 0.0, m22: 0.0, m23: 0.0, m31: 0.0, m32: 0.0, m33: 0.0)

71
225667.100511291
normal
simd_float4x4([[0.088424556, -0.9928891, -0.079701535, 0.0], [-0.09389598, 0.07135003, -0.993022, 0.0], [0.9916475, 0.095291175, -0.0869192, 0.0], [-4.202232, -0.04394906, -0.41093883, 0.99999994]])
-4.202232, -0.04394906, -0.41093883
SIMD3<Float>(-0.095435984, 1.6582242, -1.4990586)
0.00000000
CMRotationMatrix(m11: 0.0, m12: 0.0, m13: 0.0, m21: 0.0, m22: 0.0, m23: 0.0, m31: 0.0, m32: 0.0, m33: 0.0)

72
225667.217158875
normal
simd_float4x4([[0.09573518, -0.99072725, -0.0964068, 0.0], [-0.060901746, 0.0908404, -0.9940015, 0.0], [0.9935421, 0.10103225, -0.051640403, 0.0], [-4.319447, -0.03648806, -0.39956534, 0.99999994]])
-4.319447, -0.03648806, -0.39956534
SIMD3<Float>(-0.101204924, 1.6227256, -1.4793614)
0.00000000
CMRotationMatrix(m11: 0.0, m12: 0.0, m13: 0.0, m21: 0.0, m22: 0.0, m23: 0.0, m31: 0.0, m32: 0.0, m33: 0.0)

73
225667.333806583
normal
simd_float4x4([[0.10217804, -0.9913263, -0.08265531, 0.0], [-0.042890847, 0.0786226, -0.9959814, 0.0], [0.9938412, 0.10531256, -0.03448532, 0.0], [-4.427042, -0.025946435, -0.39177594, 1.0]])
-4.427042, -0.025946435, -0.39177594
SIMD3<Float>(-0.10550821, 1.6054814, -1.4916514)
0.00000000
CMRotationMatrix(m11: 0.0, m12: 0.0, m13: 0.0, m21: 0.0, m22: 0.0, m23: 0.0, m31: 0.0, m32: 0.0, m33: 0.0)

74
225667.450454208
normal
simd_float4x4([[0.10572415, -0.9927301, -0.05752669, 0.0], [-0.029132957, 0.05473385, -0.99807596, 0.0], [0.9939688, 0.10719664, -0.023134477, 0.0], [-4.5319643, -0.020196725, -0.3851454, 1.0]])
-4.5319643, -0.020196725, -0.3851454
SIMD3<Float>(-0.10740301, 1.594067, -1.5157174)
0.00000000
CMRotationMatrix(m11: 0.0, m12: 0.0, m13: 0.0, m21: 0.0, m22: 0.0, m23: 0.0, m31: 0.0, m32: 0.0, m33: 0.0)

75
225667.567101833
normal
simd_float4x4([[0.1087276, -0.9929189, -0.04785843, 0.0], [-0.038903717, 0.043856762, -0.99828005, 0.0], [0.9933101, 0.11040245, -0.033859793, 0.0], [-4.634489, -0.027195184, -0.37695387, 1.0]])
-4.634489, -0.027195184, -0.37695387
SIMD3<Float>(-0.110627964, 1.6048709, -1.5266554)
0.00000000
CMRotationMatrix(m11: 0.0, m12: 0.0, m13: 0.0, m21: 0.0, m22: 0.0, m23: 0.0, m31: 0.0, m32: 0.0, m33: 0.0)

76
225667.683749583
normal
simd_float4x4([[0.09361953, -0.99445516, -0.047900047, 0.0], [-0.04256695, 0.04406931, -0.99812126, 0.0], [0.9946977, 0.095482595, -0.03820518, 0.0], [-4.746415, -0.034543563, -0.37112996, 1.0]])
-4.746415, -0.034543563, -0.37112996
SIMD3<Float>(-0.09562828, 1.6091863, -1.5265102)
0.00000000
CMRotationMatrix(m11: 0.0, m12: 0.0, m13: 0.0, m21: 0.0, m22: 0.0, m23: 0.0, m31: 0.0, m32: 0.0, m33: 0.0)

77
225667.800397083
normal
simd_float4x4([[0.078248926, -0.9952845, -0.057322476, 0.0], [-0.064527445, 0.05232185, -0.99654335, 0.0], [0.9948434, 0.08167731, -0.06012904, 0.0], [-4.8594627, -0.02903628, -0.3642351, 0.99999994]])
-4.8594627, -0.02903628, -0.3642351
SIMD3<Float>(-0.0817684, 1.6311636, -1.5182749)
0.00000000
CMRotationMatrix(m11: 0.0, m12: 0.0, m13: 0.0, m21: 0.0, m22: 0.0, m23: 0.0, m31: 0.0, m32: 0.0, m33: 0.0)

78
225667.917044916
normal
simd_float4x4([[0.08341505, -0.99366, -0.07537759, 0.0], [-0.08831413, 0.06797226, -0.99377084, 0.0], [0.9925939, 0.089552335, -0.082084306, 0.0], [-4.967505, -0.013513155, -0.35491616, 1.0]])
-4.967505, -0.013513155, -0.35491616
SIMD3<Float>(-0.08967247, 1.6533053, -1.5024967)
0.00000000
CMRotationMatrix(m11: 0.0, m12: 0.0, m13: 0.0, m21: 0.0, m22: 0.0, m23: 0.0, m31: 0.0, m32: 0.0, m33: 0.0)

79
225668.033692375
normal
simd_float4x4([[0.09219616, -0.99312556, -0.072120674, 0.0], [-0.0915697, 0.06366603, -0.99376136, 0.0], [0.9915215, 0.098225035, -0.08507043, 0.0], [-5.071027, -0.0046109906, -0.34459484, 0.99999994]])
-5.071027, -0.0046109906, -0.34459484
SIMD3<Float>(-0.09838367, 1.6563846, -1.5067772)
0.00000000
CMRotationMatrix(m11: 0.0, m12: 0.0, m13: 0.0, m21: 0.0, m22: 0.0, m23: 0.0, m31: 0.0, m32: 0.0, m33: 0.0)

80
225668.150340125
normal
simd_float4x4([[0.122690305, -0.9909316, -0.054787982, 0.0], [-0.09326208, 0.043448888, -0.99469316, 0.0], [0.9880534, 0.12714884, -0.08708559, 0.0], [-5.175675, -0.008616656, -0.3317798, 1.0]])
-5.175675, -0.008616656, -0.3317798
SIMD3<Float>(-0.12749395, 1.6587077, -1.5269779)
0.00000000
CMRotationMatrix(m11: 0.0, m12: 0.0, m13: 0.0, m21: 0.0, m22: 0.0, m23: 0.0, m31: 0.0, m32: 0.0, m33: 0.0)

81
225668.266987708
normal
simd_float4x4([[0.1033005, -0.9932208, -0.05330503, 0.0], [-0.10188741, 0.0427434, -0.99387723, 0.0], [0.989418, 0.1080991, -0.096781276, 0.0], [-5.2764697, -0.019486511, -0.31001678, 0.99999994]])
-5.2764697, -0.019486511, -0.31001678
SIMD3<Float>(-0.10831075, 1.6683025, -1.5277877)
0.00000000
CMRotationMatrix(m11: 0.0, m12: 0.0, m13: 0.0, m21: 0.0, m22: 0.0, m23: 0.0, m31: 0.0, m32: 0.0, m33: 0.0)

82
225668.38363525
normal
simd_float4x4([[0.09196643, -0.994384, -0.052369848, 0.0], [-0.09069196, 0.04400962, -0.99490607, 0.0], [0.9916235, 0.09624747, -0.086135216, 0.0], [-5.3798537, -0.02759027, -0.28484544, 0.99999994]])
-5.3798537, -0.02759027, -0.28484544
SIMD3<Float>(-0.09639669, 1.6574416, -1.526567)
0.00000000
CMRotationMatrix(m11: 0.0, m12: 0.0, m13: 0.0, m21: 0.0, m22: 0.0, m23: 0.0, m31: 0.0, m32: 0.0, m33: 0.0)

83
225668.500283083
normal
simd_float4x4([[0.07891087, -0.994237, -0.07256599, 0.0], [-0.062004637, 0.067756906, -0.9957733, 0.0], [0.99495155, 0.08307675, -0.05630055, 0.0], [-5.477801, -0.023744507, -0.25850973, 0.99999994]])
-5.477801, -0.023744507, -0.25850973
SIMD3<Float>(-0.08317261, 1.6273223, -1.5027518)
0.00000000
CMRotationMatrix(m11: 0.0, m12: 0.0, m13: 0.0, m21: 0.0, m22: 0.0, m23: 0.0, m31: 0.0, m32: 0.0, m33: 0.0)

84
225668.616930458
normal
simd_float4x4([[0.09502097, -0.99339247, -0.06436148, 0.0], [-0.058094017, 0.059010193, -0.9965656, 0.0], [0.99377877, 0.09843364, -0.052102957, 0.0], [-5.571579, -0.014182528, -0.24037705, 0.99999994]])
-5.571579, -0.014182528, -0.24037705
SIMD3<Float>(-0.098593295, 1.6231775, -1.5114634)
0.00000000
CMRotationMatrix(m11: 0.0, m12: 0.0, m13: 0.0, m21: 0.0, m22: 0.0, m23: 0.0, m31: 0.0, m32: 0.0, m33: 0.0)

85
225668.733578125
normal
simd_float4x4([[0.097953804, -0.9941719, -0.04502473, 0.0], [-0.057326123, 0.03953051, -0.9975726, 0.0], [0.99353856, 0.100297116, -0.053119853, 0.0], [-5.6692357, -0.014470024, -0.22722933, 1.0]])
-5.6692357, -0.014470024, -0.22722933
SIMD3<Float>(-0.100466035, 1.6242108, -1.531055)
0.00000000
CMRotationMatrix(m11: 0.0, m12: 0.0, m13: 0.0, m21: 0.0, m22: 0.0, m23: 0.0, m31: 0.0, m32: 0.0, m33: 0.0)

86
225668.850225833
normal
simd_float4x4([[0.117710344, -0.9927684, -0.023562947, 0.0], [-0.042866573, 0.018626053, -0.9989072, 0.0], [0.9921224, 0.11859176, -0.040364098, 0.0], [-5.775542, -0.026794786, -0.21935192, 1.0000001]])
-5.775542, -0.026794786, -0.21935192
SIMD3<Float>(-0.11887152, 1.6114585, -1.5520368)
0.00000000
CMRotationMatrix(m11: 0.0, m12: 0.0, m13: 0.0, m21: 0.0, m22: 0.0, m23: 0.0, m31: 0.0, m32: 0.0, m33: 0.0)

87
225668.9668735
normal
simd_float4x4([[0.10025528, -0.9947162, -0.022099784, 0.0], [-0.028413842, 0.019340275, -0.9994092, 0.0], [0.994556, 0.100823976, -0.026324745, 0.0], [-5.89321, -0.034719814, -0.21750605, 1.0]])
-5.89321, -0.034719814, -0.21750605
SIMD3<Float>(-0.100995585, 1.597259, -1.5513557)
0.00000000
CMRotationMatrix(m11: 0.0, m12: 0.0, m13: 0.0, m21: 0.0, m22: 0.0, m23: 0.0, m31: 0.0, m32: 0.0, m33: 0.0)

88
225669.083521041
normal
simd_float4x4([[0.07269359, -0.99677104, -0.03410443, 0.0], [-0.051178303, 0.030421823, -0.99822617, 0.0], [0.9960404, 0.07431005, -0.04880158, 0.0], [-6.0135627, -0.02678067, -0.2166103, 1.0]])
-6.0135627, -0.02678067, -0.2166103
SIMD3<Float>(-0.07437861, 1.6197528, -1.5402855)
0.00000000
CMRotationMatrix(m11: 0.0, m12: 0.0, m13: 0.0, m21: 0.0, m22: 0.0, m23: 0.0, m31: 0.0, m32: 0.0, m33: 0.0)

89
225669.200168666
normal
simd_float4x4([[0.074425474, -0.9964604, -0.03908419, 0.0], [-0.063920744, 0.034345392, -0.99736387, 0.0], [0.99517596, 0.07672756, -0.061138317, 0.0], [-6.1288004, -0.011297432, -0.21468772, 0.99999994]])
-6.1288004, -0.011297432, -0.21468772
SIMD3<Float>(-0.07680304, 1.6321539, -1.5363426)
0.00000000
CMRotationMatrix(m11: 0.0, m12: 0.0, m13: 0.0, m21: 0.0, m22: 0.0, m23: 0.0, m31: 0.0, m32: 0.0, m33: 0.0)

90
225669.316816333
normal
simd_float4x4([[0.07615194, -0.9957504, -0.051787898, 0.0], [-0.061706603, 0.047132757, -0.99698097, 0.0], [0.995185, 0.07911766, -0.057855126, 0.0], [-6.2358418, -0.004922632, -0.21061848, 1.0]])
-6.2358418, -0.004922632, -0.21061848
SIMD3<Float>(-0.07920044, 1.628866, -1.5234977)
0.00000000
CMRotationMatrix(m11: 0.0, m12: 0.0, m13: 0.0, m21: 0.0, m22: 0.0, m23: 0.0, m31: 0.0, m32: 0.0, m33: 0.0)

91
225669.43346375
normal
simd_float4x4([[0.07630781, -0.9951453, -0.062153075, 0.0], [-0.039836656, 0.05924224, -0.99744856, 0.0], [0.99628824, 0.07858906, -0.035122614, 0.0], [-6.3326087, -0.009417829, -0.18936732, 1.0000001]])
-6.3326087, -0.009417829, -0.18936732
SIMD3<Float>(-0.07867018, 1.6060352, -1.5113353)
0.00000000
CMRotationMatrix(m11: 0.0, m12: 0.0, m13: 0.0, m21: 0.0, m22: 0.0, m23: 0.0, m31: 0.0, m32: 0.0, m33: 0.0)

92
225669.5501115
normal
simd_float4x4([[0.08015018, -0.99561524, -0.048231553, 0.0], [-0.054385677, 0.043947175, -0.9975525, 0.0], [0.9952981, 0.0825771, -0.050624836, 0.0], [-6.385139, -0.020398073, -0.20106584, 1.0]])
-6.385139, -0.020398073, -0.20106584
SIMD3<Float>(-0.08267124, 1.6216165, -1.5266843)
0.00000000
CMRotationMatrix(m11: 0.0, m12: 0.0, m13: 0.0, m21: 0.0, m22: 0.0, m23: 0.0, m31: 0.0, m32: 0.0, m33: 0.0)

93
225669.666759083
normal
simd_float4x4([[0.077160396, -0.9962317, -0.039606992, 0.0], [-0.04707103, 0.036041122, -0.9982412, 0.0], [0.995907, 0.07888903, -0.0441127, 0.0], [-6.4927897, -0.028086059, -0.1851468, 0.99999994]])
-6.4927897, -0.028086059, -0.1851468
SIMD3<Float>(-0.07897109, 1.6150614, -1.5346346)
